0 0 0 0 0 0 0 0 0 0 0 0 0 0 0 0 0 0 0 0 0 0 0 0 0 0 0 0 0 0 0 0 0 0 0 0 0 0 0 0 0 0 0 0 0 0 0 0 0 0 
0 0 0 0 0 0 0 0 0 0 0 0 0 0 0 0 0 0 0 0 0 0 0 0 0 0 0 0 0 0 0 0 0 0 0 0 0 0 0 0 0 0 0 0 0 0 0 0 0 0 
0 0 0 0 0 0 0 0 0 0 0 0 0 0 0 0 0 0 0 0 0 0 0 0 0 0 0 0 0 0 0 0 0 0 0 0 0 0 0 0 0 0 0 0 0 0 0 0 0 0 
0 0 0 0 0 0 0 0 0 0 0 0 0 0 0 0 0 0 0 0 0 0 0 0 0 0 0 0 0 0 0 0 0 0 0 0 0 0 0 0 0 0 0 0 0 0 0 0 0 0 
0 0 0 0 0 0 0 0 0 0 0 0 0 0 0 0 0 0 0 0 0 0 0 0 0 0 0 0 0 0 0 0 0 0 0 0 0 0 0 0 0 0 0 0 0 0 0 0 0 0 
0 0 0 0 108 108 108 108 108 108 108 108 108 0 0 0 0 0 0 0 0 0 0 0 0 0 0 0 0 0 0 0 0 0 0 0 0 0 0 0 0 0 0 0 0 0 0 0 0 0 
0 0 0 0 108 6 6 6 6 6 6 108 108 0 0 0 0 0 0 0 0 0 0 0 0 0 0 0 0 0 0 0 0 0 0 0 0 0 0 0 0 0 0 0 0 0 0 0 0 0 
0 0 0 0 108 6 6 6 110 6 9 6 108 0 0 0 0 0 0 0 0 0 0 0 0 0 0 0 0 0 0 0 0 0 0 0 0 0 0 0 0 0 0 0 0 0 0 0 0 0 
0 0 0 0 108 8 6 6 8 6 6 6 108 108 0 0 0 0 0 0 0 0 0 0 0 0 0 0 0 0 0 0 0 0 0 0 0 0 0 0 0 0 0 0 0 0 0 0 0 0 
0 0 0 0 108 6 6 1 6 6 6 6 6 108 108 0 0 0 0 0 0 0 0 0 0 0 0 0 0 0 0 0 0 0 0 0 0 0 0 0 0 0 0 0 0 0 0 0 0 0 
0 0 0 0 108 108 6 6 8 6 6 8 6 6 108 108 0 0 0 0 0 0 0 0 0 0 0 0 0 0 0 0 0 0 0 0 0 0 0 0 0 0 0 0 0 0 0 0 0 0 
0 0 0 0 0 108 108 6 6 6 6 8 6 6 6 6 108 0 0 0 0 0 0 0 0 0 0 0 0 0 0 0 0 108 108 108 108 108 108 108 108 108 108 0 0 0 0 0 0 0 
0 0 0 0 0 0 108 108 108 108 108 6 6 7 6 6 6 108 0 0 0 0 0 0 0 0 0 0 0 0 0 108 108 108 6 6 6 6 6 6 6 6 108 0 0 0 0 0 0 0 
0 0 0 0 0 0 0 0 0 0 108 108 6 6 6 6 6 108 108 108 108 108 0 108 108 108 108 108 108 108 108 108 6 6 6 6 6 6 6 7 6 6 108 108 0 0 0 0 0 0 
0 0 0 0 0 0 0 0 0 0 0 0 108 6 6 6 6 6 6 6 6 108 108 108 6 6 6 6 6 6 6 6 6 6 8 7 6 8 6 1 6 6 6 108 0 0 0 0 0 0 
0 0 0 0 0 0 0 0 0 0 0 0 108 108 6 6 6 6 6 6 6 6 6 6 6 6 6 6 6 6 6 6 6 6 6 6 6 6 6 6 6 108 108 108 0 0 0 0 0 0 
0 0 0 0 0 0 0 0 0 0 0 108 108 108 6 1 6 6 6 6 6 6 6 6 7 6 6 6 6 6 6 108 108 108 108 108 6 6 6 6 108 108 0 0 0 0 0 0 0 0 
0 0 0 0 0 0 0 0 108 108 108 6 6 6 6 6 7 6 6 8 6 6 6 6 6 6 6 6 6 6 6 108 0 0 0 0 108 108 6 6 108 0 0 0 0 0 0 0 0 0 
0 0 0 0 0 108 108 108 6 6 6 6 6 6 6 6 6 6 6 6 6 6 6 6 6 6 6 6 6 6 6 108 108 0 0 0 0 108 6 7 108 0 0 0 0 0 0 0 0 0 
0 0 0 0 0 108 6 6 6 6 6 6 6 6 108 108 108 108 108 108 108 108 108 108 108 108 108 108 6 6 6 6 108 108 108 108 108 108 6 6 108 0 0 0 0 0 0 0 0 0 
0 0 0 108 108 108 6 6 1 6 6 6 6 6 6 108 0 0 0 0 0 0 0 0 0 0 0 108 108 6 6 6 6 6 6 6 6 6 6 6 108 0 0 0 0 0 0 0 0 0 
0 0 0 108 6 6 6 8 6 6 1 7 6 6 6 108 108 0 108 108 108 0 0 0 108 108 108 108 108 6 6 6 6 1 6 6 6 6 6 6 108 0 0 0 0 0 0 0 0 0 
0 0 0 108 6 6 6 6 6 6 8 6 6 6 6 6 6 108 6 6 6 108 108 108 6 6 6 6 6 6 6 6 6 6 6 6 7 6 6 6 108 108 108 108 0 0 0 0 0 0 
0 0 0 108 108 108 108 108 6 6 6 6 6 6 6 6 6 6 6 6 6 6 6 6 6 6 6 6 6 6 6 6 6 6 6 6 8 6 6 6 6 6 6 108 0 0 0 0 0 0 
0 0 0 0 0 0 0 0 108 108 108 108 108 108 108 108 6 6 6 6 6 6 6 6 6 6 6 6 6 7 6 6 6 6 6 1 6 6 6 6 6 6 6 108 0 0 0 0 0 0 
0 0 0 0 0 0 0 0 0 0 0 0 0 0 0 108 108 108 108 6 6 6 6 6 6 6 6 6 1 6 6 6 6 6 7 6 6 6 6 6 6 6 6 6 108 0 0 0 0 0 
0 0 0 0 0 0 0 0 0 0 0 0 108 108 108 108 108 108 108 6 6 6 6 1 6 6 6 6 6 8 6 6 6 6 6 6 6 6 6 6 6 6 6 6 6 108 0 0 0 0 
0 0 0 0 0 0 0 0 0 108 108 108 108 6 6 6 6 6 6 6 6 6 6 6 6 6 6 6 6 6 6 6 6 6 6 6 6 6 6 6 108 108 6 6 6 6 108 0 0 0 
0 0 0 0 0 0 0 108 108 6 6 6 6 6 6 6 6 6 6 6 6 6 108 108 6 6 6 6 6 6 6 6 6 108 6 6 6 6 6 6 108 0 108 6 6 6 108 0 0 0 
0 0 0 0 0 0 108 6 6 6 6 6 8 6 6 6 6 6 6 6 6 6 108 108 6 6 7 6 6 6 1 6 6 108 108 108 108 108 108 108 0 108 6 6 6 108 108 0 0 0 
0 0 0 0 0 0 0 108 108 108 6 6 6 6 6 7 6 9 6 6 6 108 108 108 108 108 108 6 6 6 6 6 108 0 0 0 0 0 0 0 0 108 6 1 6 108 0 0 0 0 
0 0 0 0 0 0 0 0 0 108 6 6 108 108 6 6 6 6 6 6 6 108 0 0 0 108 108 6 6 6 6 6 108 108 108 0 0 0 0 0 108 6 6 8 108 0 0 0 0 0 
0 0 0 0 0 0 0 0 0 0 108 108 0 0 108 108 108 108 108 108 108 0 0 0 0 108 6 6 6 1 6 6 6 6 6 108 108 108 108 108 1 6 6 6 108 0 0 0 0 0 
0 0 0 0 0 0 0 0 0 0 0 0 0 0 0 0 0 0 108 108 108 108 108 108 108 108 6 6 6 6 6 6 6 6 6 6 6 6 6 6 6 6 6 6 108 0 0 0 0 0 
0 0 0 0 0 0 0 0 0 0 0 0 0 0 0 0 108 108 108 6 6 6 6 6 6 6 6 6 6 6 6 6 6 1 6 6 6 7 6 6 6 108 108 108 0 0 0 0 0 0 
0 0 0 0 0 0 0 0 0 0 0 0 0 0 0 0 108 6 6 6 2 2 2 6 6 6 6 6 7 6 6 6 6 6 6 6 6 6 6 108 108 0 0 0 0 0 0 0 0 0 
0 0 0 0 0 0 0 0 0 0 0 0 0 0 0 0 108 6 6 4 40 41 42 5 6 6 6 6 6 6 6 6 6 6 9 6 108 108 108 0 0 0 0 0 0 0 0 0 0 0 
0 0 0 0 0 0 0 0 0 0 0 0 0 0 0 108 6 6 10 40 44 45 39 5 6 6 6 7 6 6 6 6 6 6 6 6 6 108 0 0 0 0 0 0 0 0 0 0 0 0 
0 0 0 0 0 0 0 0 0 0 0 0 0 0 0 0 108 6 10 38 35 39 12 6 6 6 6 6 6 6 6 6 6 6 1 6 6 6 108 108 0 0 0 0 0 0 0 0 0 0 
0 0 0 0 0 0 0 0 0 0 0 0 0 0 0 0 0 108 6 11 11 11 6 1 6 108 108 108 108 108 108 6 108 108 108 6 108 108 108 108 108 108 0 0 0 0 0 0 0 0 
0 0 0 0 0 0 0 0 0 0 0 0 0 0 0 0 0 0 108 108 108 108 108 6 108 0 0 0 0 0 0 108 6 6 6 6 6 6 6 6 6 6 108 108 0 0 0 0 0 0 
0 0 0 0 0 0 0 0 0 0 0 0 0 0 0 0 0 0 0 0 0 0 0 108 0 0 0 0 0 0 0 108 6 6 6 6 7 6 8 6 6 6 6 6 108 0 0 0 0 0 
0 0 0 0 0 0 0 0 0 0 0 0 0 0 0 0 0 0 0 0 0 0 0 0 0 0 0 0 0 0 0 108 6 6 6 6 6 6 6 6 6 1 6 6 6 108 108 0 0 0 
0 0 0 0 0 0 0 0 0 0 0 0 0 0 0 0 0 0 0 0 0 0 0 0 0 0 0 0 0 0 0 108 6 6 6 6 6 6 6 6 6 6 6 6 6 6 6 108 0 0 
0 0 0 0 0 0 0 0 0 0 0 0 0 0 0 0 0 0 0 0 0 0 0 0 0 0 0 0 0 0 108 6 6 6 6 6 6 6 6 6 109 6 6 9 6 6 6 108 0 0 
0 0 0 0 0 0 0 0 0 0 0 0 0 0 0 0 0 0 0 0 0 0 0 0 0 0 0 0 0 0 108 6 6 1 6 6 1 6 6 6 6 6 6 6 6 108 108 108 0 0 
0 0 0 0 0 0 0 0 0 0 0 0 0 0 0 0 0 0 0 0 0 0 0 0 0 0 0 0 0 0 108 6 6 6 6 9 6 6 6 6 6 6 108 108 108 0 0 0 0 0 
0 0 0 0 0 0 0 0 0 0 0 0 0 0 0 0 0 0 0 0 0 0 0 0 0 0 0 0 0 0 108 6 6 6 6 7 6 6 108 108 108 108 0 0 0 0 0 0 0 0 
0 0 0 0 0 0 0 0 0 0 0 0 0 0 0 0 0 0 0 0 0 0 0 0 0 0 0 0 0 0 0 108 108 108 108 108 108 108 0 0 0 0 0 0 0 0 0 0 0 0 
0 0 0 0 0 0 0 0 0 0 0 0 0 0 0 0 0 0 0 0 0 0 0 0 0 0 0 0 0 0 0 0 0 0 0 0 0 0 0 0 0 0 0 0 0 0 0 0 0 0 
