45 35 35 35 35 35 35 35 35 35 35 35 35 35 35 35 35 35 35 35 35 35 35 35 35 35 35 35 35 35 35 35 35 35 35 35 35 35 35 35 35 35 35 35 35 35 35 35 35 35 
37 32 32 32 32 32 32 32 32 32 32 32 32 32 32 32 32 32 32 32 32 32 32 32 32 32 32 32 32 32 32 32 32 32 32 32 32 32 32 32 32 32 32 32 32 32 32 32 32 36 
37 32 32 32 32 32 32 32 32 32 32 32 32 32 32 32 32 32 32 32 32 32 32 32 32 32 32 32 32 32 32 32 32 32 32 32 32 32 32 32 32 32 32 32 32 32 32 32 32 36 
37 32 32 32 32 32 32 32 32 32 32 32 32 32 32 32 32 32 32 32 32 32 32 32 32 32 32 32 32 32 32 32 32 32 32 32 32 32 32 32 32 32 32 32 32 32 32 32 32 36 
37 32 32 32 32 32 32 32 32 32 32 32 32 32 32 32 32 32 32 32 32 32 32 32 32 32 32 32 32 32 32 32 32 32 32 32 32 32 32 32 32 32 32 32 32 32 32 32 32 36 
37 32 32 32 32 32 32 32 32 32 32 32 32 32 32 32 32 32 32 32 32 32 32 32 32 32 32 32 32 32 32 32 32 32 32 32 32 32 32 32 32 32 32 32 32 32 32 32 32 36 
37 32 32 32 32 32 32 32 32 32 32 32 32 32 32 32 32 32 32 32 32 32 32 19 19 19 32 32 19 19 32 32 32 32 32 32 32 32 32 32 32 32 32 32 32 32 32 32 32 36 
37 32 32 32 32 32 32 32 32 32 32 32 32 32 32 32 32 32 32 32 32 19 19 19 19 19 19 19 19 19 19 19 32 32 32 32 32 32 32 32 32 32 32 32 32 32 32 32 32 36 
37 32 32 32 32 32 32 32 32 32 32 32 32 32 32 32 32 32 32 32 19 19 19 19 72 67 69 68 73 19 19 19 19 32 32 32 32 32 32 32 32 32 32 32 32 32 32 32 32 36 
37 32 32 32 32 32 32 32 32 32 32 32 32 32 32 32 32 32 19 19 19 19 19 19 70 66 64 65 71 19 19 19 19 32 32 32 32 32 32 32 32 32 32 32 32 32 32 32 32 36 
37 32 32 32 32 32 32 32 32 32 32 32 32 32 32 32 32 32 19 19 19 19 19 19 19 18 18 19 19 19 19 19 19 32 32 32 32 32 32 32 32 32 32 32 32 32 32 32 32 36 
37 32 32 32 32 32 32 32 32 32 32 32 32 32 32 32 32 32 19 19 19 19 19 19 19 19 18 19 19 19 19 19 19 19 32 32 32 32 32 32 32 32 32 32 32 32 32 32 32 36 
37 32 32 32 32 32 32 32 32 32 32 32 32 32 32 32 32 32 19 19 19 19 19 19 19 19 19 19 19 19 19 19 19 19 32 32 32 32 32 32 32 32 32 32 32 32 32 32 32 36 
37 32 32 32 32 32 32 32 32 32 32 32 32 32 32 32 32 32 19 19 19 19 19 19 19 19 18 19 19 19 19 19 19 19 32 32 32 32 32 32 32 32 32 32 32 32 32 32 32 36 
37 32 32 32 32 32 32 32 32 32 32 32 32 32 32 32 32 32 19 19 18 19 19 19 19 19 19 19 19 19 19 19 18 19 32 32 32 32 32 32 32 32 32 32 32 32 32 32 32 36 
37 32 32 32 32 32 32 32 32 32 32 32 32 32 32 32 32 32 19 19 19 19 19 19 19 19 19 19 19 19 19 19 19 19 32 32 32 32 32 32 32 32 32 32 32 32 32 32 32 36 
37 32 32 32 32 32 32 32 32 32 32 32 32 32 32 32 32 32 32 32 32 32 19 19 19 19 19 19 19 19 19 32 32 32 32 32 32 32 32 32 32 32 32 32 32 32 32 32 32 36 
37 32 32 32 32 32 32 32 32 32 32 32 32 32 32 32 32 32 32 32 32 32 32 32 19 19 19 19 19 19 32 32 32 32 32 32 32 32 32 32 32 32 32 32 32 32 32 32 32 36 
37 32 32 32 32 32 32 32 32 32 32 32 32 32 32 32 32 32 32 32 32 32 19 19 19 19 19 19 19 19 19 32 32 32 32 32 32 32 32 32 32 32 32 32 32 32 32 32 32 36 
37 32 32 32 32 32 32 32 32 32 32 32 32 32 32 32 32 32 32 32 19 18 19 19 19 19 16 18 19 19 19 19 32 32 32 32 32 32 32 32 32 32 32 32 32 32 32 32 32 36 
37 32 32 32 32 32 32 32 32 32 32 32 32 32 32 32 32 32 19 19 19 19 19 19 19 19 15 19 19 19 19 19 19 19 32 32 32 32 32 32 32 32 32 32 32 32 32 32 32 36 
37 32 32 32 32 32 32 32 32 32 32 32 32 32 32 32 32 32 19 19 19 19 19 19 19 19 14 19 19 19 19 19 19 19 32 32 32 32 32 32 32 32 32 32 32 32 32 32 32 36 
37 32 32 32 32 32 32 32 32 32 32 32 32 32 32 32 32 32 19 19 19 19 19 19 19 19 19 19 19 19 19 19 19 19 32 32 32 32 32 32 32 32 32 32 32 32 32 32 32 36 
37 32 32 32 32 32 32 32 32 32 32 32 32 32 32 32 32 32 19 19 19 19 19 19 19 19 16 19 19 19 19 19 19 19 32 32 32 32 32 32 32 32 32 32 32 32 32 32 32 36 
37 32 32 32 32 32 32 32 32 32 32 32 32 32 32 32 32 32 19 19 19 18 19 19 19 19 14 19 19 19 19 19 19 19 32 32 32 32 32 32 32 32 32 32 32 32 32 32 32 36 
37 32 32 32 32 32 32 32 32 32 32 32 32 32 32 32 32 32 19 19 19 19 19 19 19 19 19 19 19 19 19 19 18 19 32 32 32 32 32 32 32 32 32 32 32 32 32 32 32 36 
37 32 32 32 32 32 32 32 32 32 32 32 32 32 32 32 32 40 41 41 41 41 41 41 41 61 56 62 41 41 41 41 41 41 42 32 32 32 32 32 32 32 32 32 32 32 32 32 32 36 
37 32 32 32 32 32 32 32 32 32 32 32 32 32 32 32 32 36 33 33 33 34 33 33 33 60 56 59 33 33 33 34 33 33 37 32 32 32 32 32 32 32 32 32 32 32 32 32 32 36 
37 32 32 32 32 32 32 32 32 32 32 32 32 32 32 32 32 38 35 35 35 35 35 35 35 57 56 58 35 35 35 35 35 35 39 32 32 32 32 32 32 32 32 32 32 32 32 32 32 36 
37 32 32 32 32 32 32 32 32 32 32 32 32 32 32 32 32 32 19 19 19 19 19 19 19 19 19 19 19 19 19 19 19 19 32 32 32 32 32 32 32 32 32 32 32 32 32 32 32 36 
37 32 32 32 32 32 32 32 32 32 32 32 32 32 32 32 32 32 32 32 19 19 19 19 18 19 19 19 19 19 19 32 32 32 32 32 32 32 32 32 32 32 32 32 32 32 32 32 32 36 
37 32 32 32 32 32 32 32 32 32 32 32 32 32 32 32 32 32 32 32 32 19 19 19 19 19 16 19 19 19 19 32 32 32 32 32 32 32 32 32 32 32 32 32 32 32 32 32 32 36 
37 32 32 32 32 32 32 32 32 32 32 32 32 32 32 32 32 32 32 32 19 19 19 19 19 19 14 19 19 19 19 19 19 32 32 32 32 32 32 32 32 32 32 32 32 32 32 32 32 36 
37 32 32 32 32 32 32 32 32 32 32 32 32 32 32 32 32 32 32 19 19 18 19 19 19 19 19 19 19 19 19 19 19 19 32 32 32 32 32 32 32 32 32 32 32 32 32 32 32 36 
37 32 32 32 32 32 32 32 32 32 32 32 32 32 32 32 32 32 19 19 19 19 19 19 19 19 16 19 19 19 19 19 19 19 32 32 32 32 32 32 32 32 32 32 32 32 32 32 32 36 
37 32 32 32 32 32 32 32 32 32 32 32 32 32 32 32 32 32 19 19 19 19 19 19 19 19 15 19 19 19 19 19 19 19 32 32 32 32 32 32 32 32 32 32 32 32 32 32 32 36 
37 32 32 32 32 32 32 32 32 32 32 32 32 32 32 32 32 32 19 19 19 19 19 19 19 19 15 19 19 19 19 19 19 18 32 32 32 32 32 32 32 32 32 32 32 32 32 32 32 36 
37 32 32 32 32 32 32 32 32 32 32 32 32 32 32 32 32 32 19 19 19 19 19 19 19 19 15 19 19 19 19 19 19 19 32 32 32 32 32 32 32 32 32 32 32 32 32 32 32 36 
37 32 32 32 32 32 32 32 32 32 32 32 32 32 32 32 32 32 19 19 19 19 19 19 19 19 15 19 19 19 19 19 19 19 32 32 32 32 32 32 32 32 32 32 32 32 32 32 32 36 
37 32 32 32 32 32 32 32 32 32 32 32 32 32 32 32 32 32 19 19 19 19 19 19 19 19 15 19 19 19 19 19 19 19 32 32 32 32 32 32 32 32 32 32 32 32 32 32 32 36 
37 32 32 32 32 32 32 32 32 32 32 32 32 32 32 32 32 32 19 19 19 19 19 19 19 12 138 13 19 19 19 19 19 19 32 32 32 32 32 32 32 32 32 32 32 32 32 32 32 36 
37 32 32 32 32 32 32 32 32 32 32 32 32 32 32 32 32 32 19 19 19 19 19 19 19 5 8 10 19 19 19 19 19 19 32 32 32 32 32 32 32 32 32 32 32 32 32 32 32 36 
37 32 32 32 32 32 32 32 32 32 32 32 32 32 32 32 32 32 19 19 19 19 19 19 19 3 2 4 19 19 19 19 19 19 32 32 32 32 32 32 32 32 32 32 32 32 32 32 32 36 
37 32 32 32 32 32 32 32 32 32 32 32 32 32 32 32 32 32 32 19 19 19 19 19 19 19 19 19 19 19 19 19 19 32 32 32 32 32 32 32 32 32 32 32 32 32 32 32 32 36 
37 32 32 32 32 32 32 32 32 32 32 32 32 32 32 32 32 32 32 32 19 19 19 19 19 19 19 19 19 19 19 19 32 32 32 32 32 32 32 32 32 32 32 32 32 32 32 32 32 36 
37 32 32 32 32 32 32 32 32 32 32 32 32 32 32 32 32 32 32 32 32 19 19 19 19 19 19 19 19 19 19 32 32 32 32 32 32 32 32 32 32 32 32 32 32 32 32 32 32 36 
37 32 32 32 32 32 32 32 32 32 32 32 32 32 32 32 32 32 32 32 32 32 32 32 32 32 32 32 32 32 32 32 32 32 32 32 32 32 32 32 32 32 32 32 32 32 32 32 32 36 
37 32 32 32 32 32 32 32 32 32 32 32 32 32 32 32 32 32 32 32 32 32 32 32 32 32 32 32 32 32 32 32 32 32 32 32 32 32 32 32 32 32 32 32 32 32 32 32 32 36 
37 32 32 32 32 32 32 32 32 32 32 32 32 32 32 32 32 32 32 32 32 32 32 32 32 32 32 32 32 32 32 32 32 32 32 32 32 32 32 32 32 32 32 32 32 32 32 32 32 36 
43 41 41 41 41 41 41 41 41 41 41 41 41 41 41 41 41 41 41 41 41 41 41 41 41 41 41 41 41 41 41 41 41 41 41 41 41 41 41 41 41 41 41 41 41 41 41 41 41 44 
