32 32 32 32 32 32 32 32 32 32 32 32 32 32 32 32 32 32 32 32 32 32 32 32 32 32 32 32 32 32 32 32 32 32 32 32 32 32 32 32 32 32 32 32 32 32 32 32 32 32 32 32 32 32 32 32 32 32 32 32 32 32 19 15 19 32 32 32 32 32 32 32 32 32 32 32 32 32 32 32 32 32 32 32 32 32 32 32 32 32 32 32 32 32 32 32 32 32 32 32 
32 32 32 32 32 32 32 32 32 32 32 32 32 32 32 32 32 32 32 32 32 32 32 32 32 32 32 32 32 32 32 32 32 32 32 32 32 32 32 32 32 32 32 32 32 32 32 32 32 32 32 32 32 32 32 32 32 32 32 32 32 32 19 15 19 32 32 32 32 32 32 32 32 32 32 32 32 32 32 32 32 32 32 32 32 32 32 32 32 32 32 32 32 32 32 32 32 32 32 32 
32 32 32 32 32 32 32 32 32 32 32 32 32 32 32 32 32 32 32 32 32 32 32 32 32 32 32 32 32 32 32 32 32 32 32 32 32 32 32 32 32 32 32 32 32 32 32 32 32 32 32 32 32 32 32 32 32 32 32 32 32 32 19 15 19 32 32 32 32 32 32 32 32 32 32 32 32 32 32 32 32 32 32 32 32 32 32 32 32 32 32 32 32 32 32 32 32 32 32 32 
32 32 32 32 32 32 32 32 32 32 32 32 32 32 32 32 32 32 32 32 32 32 32 32 32 32 32 32 32 32 32 32 32 32 32 32 32 32 32 32 32 32 32 32 32 32 32 32 32 32 32 32 32 32 32 32 32 32 32 32 32 32 19 15 19 32 32 32 32 32 32 32 32 32 32 32 32 32 32 32 32 32 32 32 32 32 32 32 32 32 32 32 32 32 32 32 32 32 32 32 
32 32 32 32 32 32 32 32 32 32 32 32 32 32 32 32 32 32 32 32 32 32 32 32 32 32 32 32 32 32 32 32 32 32 32 32 32 32 32 32 32 32 32 32 32 32 32 32 32 32 32 32 32 32 32 32 32 32 32 32 32 32 19 15 19 32 32 32 32 32 32 32 32 32 32 32 32 32 32 32 32 32 32 32 32 32 32 32 32 32 32 32 32 32 32 32 32 32 32 32 
32 32 32 32 32 32 32 32 32 32 32 32 32 32 32 32 32 32 32 32 32 32 32 32 32 32 32 32 32 32 32 32 32 32 32 32 32 32 32 32 32 32 32 32 32 32 32 32 32 32 32 32 32 32 32 32 32 32 32 32 32 32 19 15 19 32 32 32 32 32 32 32 32 32 32 32 32 32 32 32 32 32 32 32 32 32 32 32 32 32 32 32 32 32 32 32 32 32 32 32 
32 32 32 32 32 32 32 32 32 32 32 32 32 32 32 32 32 32 32 32 32 32 32 32 32 32 32 32 32 32 32 32 32 32 32 32 32 32 32 32 32 32 32 32 32 32 32 32 32 32 32 32 32 32 32 32 32 32 32 32 32 32 19 15 19 32 32 32 32 32 32 32 32 32 32 32 32 32 32 32 32 32 32 32 32 32 32 32 32 32 32 32 32 32 32 32 32 32 32 32 
32 32 32 32 32 32 32 32 32 32 32 32 32 32 32 32 32 32 32 32 32 32 32 32 32 32 32 32 32 32 32 32 32 32 32 32 32 32 32 32 32 32 32 32 32 32 32 32 32 32 32 32 32 32 32 32 32 32 32 32 32 32 19 15 19 32 32 32 32 32 32 32 32 32 32 32 32 32 32 32 32 32 32 32 32 32 32 32 32 32 32 32 32 32 32 32 32 32 32 32 
32 32 32 32 32 32 32 32 32 32 32 32 32 32 32 32 32 32 32 32 32 32 32 32 32 32 32 32 32 32 32 32 32 32 32 32 32 32 32 32 32 32 32 32 32 32 32 32 32 32 32 32 32 32 32 32 32 32 32 32 32 32 19 15 19 32 32 32 32 32 32 32 32 32 32 32 32 32 32 32 32 32 32 32 32 32 32 32 32 32 32 32 32 32 32 32 32 32 32 32 
32 32 32 32 32 32 32 32 32 32 32 32 32 32 32 32 32 32 32 32 32 32 32 32 32 32 32 32 32 32 32 32 32 32 32 32 32 32 32 32 32 32 32 32 32 32 32 32 32 32 32 32 32 32 32 32 32 32 32 32 32 19 19 15 19 32 32 32 32 32 32 32 32 32 32 32 32 32 32 32 32 32 32 32 32 32 32 32 32 32 32 32 32 32 32 32 32 32 32 32 
32 32 32 32 32 32 32 32 32 32 32 32 32 32 32 32 32 32 32 32 32 32 32 32 32 32 32 32 32 32 32 32 32 32 32 32 32 32 32 32 32 32 32 32 32 32 32 32 32 32 32 32 32 32 32 32 32 32 32 32 32 19 19 15 19 32 32 32 32 32 32 32 32 32 32 32 32 32 32 32 32 19 19 19 19 19 19 19 19 19 19 19 19 19 19 19 19 19 32 32 
32 32 32 32 32 32 32 32 32 32 32 32 32 32 32 32 32 32 32 32 32 32 32 32 32 32 32 32 32 32 32 32 32 32 32 32 32 32 32 32 32 32 32 32 32 32 32 32 32 32 32 32 32 32 32 32 32 32 32 32 32 19 19 15 19 32 32 32 32 32 32 32 32 32 32 32 32 32 32 32 32 19 160 159 159 159 159 159 159 159 159 159 159 159 159 159 162 19 32 32 
32 32 32 32 32 32 32 32 32 32 32 32 32 32 32 32 32 32 32 32 32 32 32 32 32 32 32 32 32 32 32 32 32 32 32 32 32 32 32 32 32 32 32 32 32 32 32 32 32 32 32 32 32 32 32 32 32 32 32 32 32 19 19 15 19 32 32 32 32 32 32 32 32 32 32 32 32 32 32 32 32 19 15 19 19 19 19 19 19 19 19 19 108 108 19 19 15 19 32 32 
32 32 32 32 32 32 32 32 32 32 32 32 32 32 32 32 32 32 32 32 32 32 32 32 32 32 32 32 32 32 32 32 32 32 32 32 32 32 32 32 32 32 32 32 32 32 32 32 32 32 32 32 32 32 32 32 32 32 32 32 32 19 19 15 19 32 32 32 32 32 32 32 32 32 32 32 32 32 32 32 32 19 15 19 19 19 19 108 108 108 108 108 108 108 108 19 15 19 32 32 
32 32 32 32 32 32 32 32 32 32 32 32 32 32 32 32 32 32 32 32 32 32 32 32 32 32 32 32 32 32 32 32 32 32 32 32 32 32 32 32 32 32 32 32 32 32 32 32 32 32 32 32 32 32 32 32 32 32 32 32 32 19 19 15 19 19 32 32 32 32 32 32 32 32 32 32 32 32 32 32 32 19 15 19 108 108 108 108 108 108 108 108 108 108 108 19 15 19 32 32 
32 32 32 32 32 32 32 32 32 32 32 32 32 32 32 32 32 32 32 32 32 32 32 32 32 32 32 32 32 32 32 32 32 32 32 32 32 32 32 32 32 32 32 32 32 32 32 32 32 32 32 32 32 32 32 32 32 32 32 32 19 19 19 15 19 19 32 32 32 32 32 32 32 32 32 32 32 32 32 32 32 19 15 19 108 108 108 108 108 108 108 108 108 108 108 19 15 19 32 32 
32 32 32 32 32 32 32 32 32 32 32 32 32 32 32 32 32 32 32 32 32 32 32 32 32 32 32 32 32 32 32 32 32 32 32 32 32 32 32 32 32 32 32 32 32 32 32 32 32 32 32 32 32 32 32 32 32 32 32 32 19 19 19 15 19 19 32 32 32 32 32 32 32 32 32 32 32 32 32 32 32 19 15 19 108 108 108 108 108 108 108 108 108 108 108 19 15 19 32 32 
32 32 32 32 32 32 32 32 32 32 32 32 32 32 32 32 32 32 32 32 32 32 32 32 32 32 32 32 32 32 32 32 32 32 32 32 32 32 32 32 32 32 32 32 32 32 32 32 32 32 32 32 32 32 32 32 32 32 32 32 19 19 19 15 19 19 32 32 32 32 32 32 32 32 32 32 32 32 32 32 32 19 15 19 108 108 108 108 108 108 108 108 108 108 108 19 15 19 32 32 
32 32 32 32 32 32 32 32 32 32 32 32 32 32 32 32 32 32 32 32 32 32 32 32 32 32 32 32 32 32 32 32 32 32 32 32 32 32 32 32 32 32 32 32 32 32 32 32 32 32 32 32 32 32 32 32 32 32 32 32 19 19 19 15 19 19 32 32 32 32 32 32 32 32 32 32 32 32 32 32 32 19 15 19 108 108 108 108 108 108 108 108 108 108 108 19 15 19 32 32 
32 32 32 32 32 32 32 32 32 32 32 32 32 32 32 32 32 32 32 32 32 32 32 32 32 32 32 32 32 32 32 32 32 32 32 32 32 32 32 32 32 32 32 32 32 32 32 32 32 32 32 32 32 32 32 32 32 32 32 32 19 19 19 15 19 19 32 32 32 32 32 32 32 32 32 32 32 32 32 32 32 19 15 19 19 19 19 19 19 19 19 19 19 19 19 19 15 19 32 32 
32 32 32 32 32 32 32 32 32 32 32 32 32 32 32 32 32 32 32 32 32 32 32 32 32 32 32 32 32 32 32 32 32 32 32 32 32 32 32 32 32 32 32 32 32 32 32 32 32 32 32 32 32 32 32 32 32 32 32 32 32 19 19 15 19 32 32 32 32 32 32 32 32 32 32 32 32 32 32 32 32 19 166 161 161 161 161 161 161 161 161 161 161 161 161 161 167 19 32 32 
32 32 32 32 32 32 32 32 32 32 32 32 32 32 32 32 32 32 32 32 32 32 32 32 32 32 32 32 32 32 32 32 32 32 32 32 32 32 32 32 32 32 32 32 32 32 32 32 32 32 32 32 32 32 32 32 32 32 32 32 32 19 19 15 19 19 32 32 32 32 32 32 32 32 32 32 32 32 32 32 32 19 15 19 19 19 19 19 19 19 19 19 19 19 19 19 15 19 32 32 
32 32 32 32 32 32 32 32 32 32 32 32 32 32 32 32 19 19 19 19 19 19 19 19 19 19 19 19 19 19 19 19 19 19 19 19 19 19 19 19 19 19 19 19 19 19 19 19 32 32 32 32 19 19 19 19 32 32 32 32 19 19 19 15 19 19 32 32 32 32 32 32 32 32 32 32 32 32 32 19 19 19 15 19 19 108 108 108 108 19 19 19 19 19 19 19 15 19 32 32 
32 32 32 32 32 32 32 32 32 32 32 32 32 32 32 32 19 19 160 159 159 159 159 159 159 159 159 159 159 159 159 159 168 159 159 159 159 159 159 159 159 159 159 159 159 159 162 19 19 19 19 19 19 19 19 19 19 19 19 19 19 19 19 15 19 19 19 19 19 19 19 19 19 19 19 32 32 32 19 19 19 19 15 19 108 108 108 108 108 108 108 19 108 108 108 19 15 19 32 32 
32 32 32 32 32 32 32 32 32 32 32 32 32 32 32 32 19 19 15 19 19 19 19 19 19 19 19 19 19 19 19 19 15 19 19 19 19 19 19 19 19 19 19 19 19 19 15 19 19 19 19 19 19 19 19 19 19 19 19 19 19 19 19 15 19 19 19 19 19 19 19 19 19 19 19 19 19 19 19 19 19 19 15 19 108 108 108 108 108 108 108 19 108 108 108 19 15 19 32 32 
32 32 32 32 32 32 32 32 32 32 32 32 32 32 32 32 19 19 15 19 19 19 19 19 19 19 19 19 19 19 19 19 15 19 19 19 19 19 19 19 19 19 19 19 19 19 15 19 19 19 19 19 19 19 19 19 19 19 19 19 19 19 19 15 19 19 19 19 19 19 19 19 19 19 19 19 19 19 19 19 19 19 15 19 108 108 108 108 108 108 108 19 108 108 108 19 15 19 32 32 
32 32 32 32 32 32 32 32 32 32 32 32 32 32 32 32 19 19 15 19 19 19 19 19 19 19 19 19 19 19 19 19 15 19 19 19 19 19 19 19 19 19 19 19 19 19 166 159 159 159 159 159 159 159 159 159 159 159 159 159 159 159 159 159 159 159 159 159 159 159 159 159 159 159 159 159 159 159 159 159 159 159 167 19 108 108 108 108 108 108 108 19 108 108 108 19 15 19 32 40 
32 32 32 32 32 32 32 32 32 32 32 32 32 32 32 32 19 19 15 19 19 108 108 108 108 108 108 108 108 108 19 19 15 19 19 19 19 19 19 19 19 19 19 19 19 19 15 19 19 19 19 19 19 19 19 19 19 19 19 19 19 19 19 19 19 19 19 19 19 19 19 19 19 19 19 19 19 19 19 19 19 19 15 19 19 19 19 19 19 19 19 19 19 19 19 19 15 19 32 36 
32 32 32 32 32 32 32 32 32 32 32 32 32 32 32 32 19 19 15 19 19 108 108 108 108 108 108 108 108 108 19 19 15 19 19 19 19 19 19 108 108 108 108 108 19 19 15 19 19 19 19 19 19 19 19 19 19 19 19 19 19 19 19 19 19 19 19 19 19 19 19 19 19 19 19 19 19 19 19 19 19 19 166 161 161 161 161 161 161 161 161 161 161 161 161 161 164 19 19 36 
32 32 32 32 32 32 32 32 32 32 32 32 32 32 32 32 19 19 15 19 19 108 108 108 108 108 108 108 108 108 19 19 15 19 19 19 19 19 19 108 108 108 108 108 19 19 15 19 108 108 108 108 108 19 19 19 19 19 19 19 19 19 19 19 40 41 41 42 19 19 19 19 19 19 19 19 19 19 19 19 19 19 15 19 19 19 19 19 19 19 19 19 19 19 19 19 19 19 19 36 
32 32 32 32 32 32 32 32 32 32 32 32 32 32 32 32 19 19 15 19 19 108 108 108 108 108 108 108 108 108 19 19 15 19 19 19 19 19 19 108 108 108 108 108 19 19 15 19 108 108 108 108 108 19 19 19 19 19 19 40 41 41 41 41 44 33 33 37 19 19 19 19 19 19 19 19 19 19 19 19 19 19 15 19 108 108 108 108 108 19 19 19 32 32 32 32 32 19 19 36 
32 32 32 32 32 32 32 32 32 32 32 32 32 32 32 32 19 19 15 19 19 108 108 108 108 108 108 108 108 108 19 19 15 19 19 19 19 19 19 108 108 108 108 108 19 19 15 19 108 108 108 108 108 19 19 19 19 40 41 44 33 33 33 33 33 33 33 43 42 19 19 19 19 108 108 108 108 108 108 108 108 19 15 19 108 108 108 108 108 19 19 19 32 32 32 32 32 19 19 36 
32 32 32 32 32 32 32 32 32 32 32 32 32 32 32 32 19 19 15 19 19 108 108 108 108 108 108 108 108 108 19 19 15 19 19 19 19 19 19 108 108 108 108 108 19 19 166 159 108 108 108 108 108 19 19 19 40 33 33 33 33 33 33 33 33 45 35 35 39 19 19 19 19 108 108 108 108 108 108 108 108 19 15 19 108 108 108 108 108 19 19 19 32 32 32 32 32 19 19 36 
32 32 32 32 32 32 32 32 32 32 32 32 32 32 32 32 19 19 15 19 19 108 108 108 108 108 108 108 108 108 19 19 15 19 19 19 19 19 19 108 108 108 108 108 19 19 15 19 108 108 108 108 108 19 19 19 36 33 33 33 33 33 33 45 35 39 19 19 19 19 19 19 19 108 108 108 108 108 108 108 108 19 15 19 108 108 108 108 108 19 19 19 32 32 32 32 32 19 19 36 
32 32 32 32 32 32 32 32 32 32 32 32 32 32 32 32 19 19 15 19 19 19 19 19 19 19 19 19 19 19 19 19 15 19 19 19 19 19 19 19 19 19 19 19 19 19 15 19 108 108 108 108 108 19 19 19 38 46 33 33 33 45 35 39 19 19 19 19 19 19 19 19 19 108 108 108 108 108 108 108 108 19 15 19 108 108 108 108 108 19 19 19 19 19 32 32 32 19 19 36 
32 32 32 32 32 32 32 32 32 32 32 32 32 32 32 32 19 19 166 159 159 159 159 159 159 159 159 159 159 159 159 159 165 159 159 159 159 159 159 159 159 159 159 159 159 159 167 19 108 108 108 108 108 19 19 19 19 38 35 35 35 39 19 19 19 19 19 19 19 19 19 19 19 108 108 108 108 108 108 108 108 19 15 19 19 19 19 19 19 19 19 19 19 19 19 32 32 19 19 36 
32 32 32 32 32 32 32 32 32 32 32 32 32 32 32 32 19 19 15 19 19 19 19 19 19 19 19 19 19 19 19 19 19 19 19 19 19 19 19 19 19 19 19 19 19 19 15 19 19 19 19 19 19 19 19 19 19 19 19 19 19 19 19 19 19 19 19 19 19 19 19 19 19 19 19 19 19 19 19 19 19 19 15 19 19 19 19 19 19 19 19 19 19 19 19 32 19 19 19 36 
32 32 32 32 32 32 32 32 32 32 32 32 32 32 32 32 19 19 15 19 19 19 19 19 19 19 19 19 19 19 19 19 19 19 19 19 19 19 19 19 19 19 19 19 19 19 15 19 19 19 19 19 19 19 19 19 19 19 19 19 19 19 19 19 19 19 19 19 19 19 19 19 19 19 19 19 19 19 19 19 19 19 15 19 108 108 108 108 108 19 19 19 19 19 19 19 19 19 19 36 
32 32 32 32 32 32 32 32 32 32 32 32 32 32 32 32 19 19 15 19 19 19 19 19 19 19 19 19 19 19 19 19 19 19 19 19 19 19 19 19 19 19 19 19 19 19 166 159 159 159 159 159 159 159 159 159 159 159 159 159 159 159 159 159 168 161 161 161 161 161 161 161 161 161 161 161 161 161 161 161 161 161 167 19 108 108 108 108 108 19 19 19 19 19 19 19 19 19 19 36 
32 32 32 32 32 32 32 32 32 32 32 32 32 32 32 32 19 19 15 19 19 19 19 19 19 19 19 19 19 19 19 19 19 19 19 19 19 19 19 19 19 19 19 19 19 19 15 19 19 19 19 19 19 19 19 19 19 19 19 19 19 19 19 19 15 19 19 19 19 19 19 19 19 19 19 19 19 19 19 19 19 19 15 19 108 108 108 108 108 19 19 19 19 19 19 19 19 32 32 38 
32 32 32 32 32 32 32 32 32 32 32 32 32 32 32 32 19 19 15 19 19 19 19 19 19 19 19 19 19 19 19 19 19 19 19 19 19 19 19 19 19 19 19 19 19 19 15 19 19 19 19 19 19 19 19 19 19 19 19 19 19 19 19 19 15 19 108 108 108 108 19 19 19 191 192 192 192 192 192 193 19 19 15 19 108 108 108 108 108 19 19 19 19 19 32 32 32 32 32 32 
32 32 32 32 32 32 32 32 32 32 32 32 32 32 32 32 19 19 15 19 19 19 19 19 19 19 19 19 19 19 19 19 19 19 19 19 19 19 19 19 19 19 19 19 19 19 15 19 19 19 108 108 108 108 108 19 19 19 108 108 108 108 108 19 15 19 108 108 108 108 19 19 189 190 108 108 108 108 108 194 196 19 15 19 19 19 19 19 19 19 19 19 32 32 32 32 32 32 32 32 
32 32 32 32 32 32 32 32 32 32 32 32 32 32 32 32 19 19 15 19 19 19 19 19 19 19 19 19 19 19 19 19 19 19 19 19 19 19 19 19 19 19 19 19 19 19 15 19 19 19 108 108 108 108 108 19 19 19 108 108 108 108 108 19 15 19 108 108 108 108 19 19 188 185 186 0 0 0 185 186 197 19 15 19 19 19 19 19 19 19 19 19 32 32 32 32 32 32 32 32 
32 32 32 32 32 32 32 32 32 32 32 32 32 32 32 32 19 19 15 19 19 19 19 19 19 19 19 19 19 19 19 19 19 19 19 19 19 19 19 19 19 19 19 19 19 19 15 19 19 19 108 108 108 108 108 19 19 19 108 108 108 108 108 19 15 19 108 108 108 108 19 19 181 183 184 0 0 0 183 184 182 19 15 19 19 19 19 19 19 19 19 19 19 19 32 32 32 32 32 32 
32 32 32 32 32 32 32 32 32 32 32 32 32 32 32 32 19 19 15 19 19 19 19 19 19 19 19 19 19 19 19 19 19 19 19 19 19 19 19 19 19 19 19 19 19 19 15 19 19 19 108 108 108 108 108 19 19 19 108 108 108 108 108 19 15 19 108 108 108 108 19 19 181 0 0 0 187 0 0 0 182 19 15 19 19 19 19 19 19 19 19 19 19 19 19 19 19 32 32 32 
32 32 32 32 32 32 32 32 32 32 32 32 32 32 32 32 19 19 15 19 19 19 19 19 19 19 19 19 19 19 19 19 19 19 19 19 19 19 19 19 19 19 19 19 19 19 15 19 19 19 19 19 19 19 19 19 19 19 19 19 19 19 19 19 15 19 19 19 19 19 19 19 19 19 19 19 19 19 19 19 19 19 15 19 19 19 19 19 19 19 19 19 19 19 19 19 19 19 19 19 
32 32 32 32 32 32 32 32 32 32 32 32 32 32 32 32 19 19 15 19 19 19 19 19 19 19 19 19 19 19 19 19 19 19 19 19 19 175 159 159 159 159 159 159 159 159 165 168 159 159 159 159 159 159 159 159 159 159 159 159 159 159 159 159 175 161 161 161 159 159 159 159 159 159 159 159 161 161 161 161 161 161 175 161 161 161 161 161 161 161 161 161 161 161 161 161 161 161 159 159 
32 32 32 32 32 32 32 32 32 32 32 32 32 32 32 32 19 19 15 19 19 19 19 19 19 19 19 19 19 19 19 19 19 19 19 19 19 15 19 19 19 19 19 19 19 19 19 15 19 19 19 19 19 19 19 19 19 19 19 19 19 19 19 19 15 19 19 19 19 19 19 19 19 19 19 19 19 19 19 19 19 19 15 19 19 19 19 19 19 19 19 19 19 19 19 19 19 19 19 19 
32 32 32 32 32 32 32 32 32 32 32 32 32 32 32 32 19 19 15 19 19 19 19 19 19 19 19 19 19 19 19 19 19 19 19 19 19 15 19 108 108 108 108 108 108 108 19 15 19 108 108 108 108 108 108 108 108 108 108 108 108 108 108 19 15 19 108 108 108 108 108 108 108 19 108 108 108 108 108 108 108 19 15 19 19 19 19 19 19 19 19 19 19 19 19 19 19 32 32 32 
32 32 32 32 32 32 32 32 32 32 32 32 32 32 32 32 19 19 15 19 19 19 19 19 19 19 19 19 19 19 19 19 19 19 19 19 19 15 19 108 108 108 108 108 108 108 19 15 19 108 108 108 108 108 108 108 108 108 108 108 108 108 108 19 15 19 108 108 108 108 108 108 108 19 108 108 108 108 108 108 108 19 15 19 19 19 19 19 19 19 19 19 19 19 19 32 32 32 32 32 
32 32 32 32 32 32 32 32 32 32 32 32 32 32 32 32 19 19 166 159 159 159 159 159 159 159 159 159 159 159 159 159 159 159 159 159 159 167 19 19 19 19 19 19 19 19 19 15 19 108 108 108 108 108 108 108 108 108 108 108 108 108 108 19 15 19 108 108 108 108 108 108 108 19 108 108 108 108 108 108 108 19 15 19 19 19 19 19 19 19 19 19 32 32 32 32 32 32 32 32 
32 32 32 32 32 32 32 32 32 32 32 32 32 32 32 32 19 19 15 19 19 19 19 19 19 19 19 19 19 19 19 19 19 19 19 19 19 15 19 19 19 19 19 19 19 19 19 15 19 108 108 108 108 108 108 108 108 108 108 108 108 108 108 19 15 19 19 19 19 19 19 19 19 19 19 19 19 19 19 19 19 19 15 19 19 19 19 19 19 19 19 19 32 32 32 32 32 32 32 32 
32 32 32 32 32 32 32 32 32 32 32 32 32 32 32 32 19 19 15 19 19 108 108 108 108 108 108 108 108 19 19 108 108 108 108 108 19 15 19 108 108 108 108 108 108 108 19 15 19 108 108 108 108 108 108 108 108 108 108 108 108 108 108 19 15 19 19 108 108 108 108 108 19 108 108 108 108 108 108 108 108 108 15 19 19 19 19 19 19 19 19 19 32 32 32 32 32 32 32 32 
32 32 32 32 32 32 32 32 32 32 32 32 32 32 32 32 19 19 15 19 19 108 108 108 108 108 108 108 108 19 19 108 108 108 108 108 19 15 19 108 108 108 108 108 108 108 19 15 19 108 108 108 108 108 108 108 108 108 108 108 108 108 108 19 15 19 19 108 108 108 108 108 19 108 108 108 108 108 108 108 108 108 15 19 19 19 19 19 19 19 19 19 32 32 32 32 32 32 32 32 
32 32 32 32 32 32 32 32 32 32 32 32 32 32 32 32 19 19 15 19 19 108 108 108 108 108 108 108 108 19 19 108 108 108 108 108 19 15 19 108 108 108 108 108 108 108 19 15 19 108 108 108 108 108 108 108 108 108 108 108 108 108 108 19 15 19 19 108 108 108 108 108 19 108 108 108 108 108 108 108 108 108 15 19 19 19 19 19 19 19 19 19 19 19 19 19 19 19 19 19 
32 32 32 32 32 32 32 32 32 32 32 32 32 32 32 32 19 19 15 19 19 108 108 108 108 108 108 108 108 19 19 108 108 108 108 108 19 15 19 108 108 108 108 108 108 108 19 15 19 108 108 108 108 108 108 108 108 108 108 108 108 108 108 19 15 19 19 108 108 108 108 108 19 108 108 108 108 108 108 108 108 108 15 19 19 19 19 19 19 19 19 19 19 19 19 19 19 19 19 40 
32 32 32 32 32 32 32 32 32 32 32 32 32 32 32 19 19 19 15 19 19 19 19 19 19 19 19 19 19 19 19 19 19 19 19 19 19 15 19 19 19 19 19 19 19 19 19 15 19 19 19 19 19 19 19 19 19 19 19 19 19 19 19 19 15 19 19 19 19 19 19 19 19 19 19 19 19 19 19 19 19 19 15 19 19 19 19 19 19 19 19 19 19 19 19 19 19 19 19 36 
32 32 32 32 32 32 32 32 32 32 32 32 32 32 32 19 19 19 166 159 159 159 159 159 159 159 159 159 159 159 159 159 159 159 159 159 159 175 159 159 159 159 159 159 159 159 159 175 159 159 159 159 159 159 159 159 159 159 159 159 159 159 159 159 175 161 159 159 159 159 159 159 159 159 159 159 159 159 159 159 159 159 165 159 159 159 159 159 159 159 159 159 159 159 162 19 19 19 19 36 
19 19 32 32 32 32 32 32 32 32 32 32 19 19 19 19 19 19 15 19 19 19 19 19 19 19 19 19 19 19 19 19 19 19 19 19 19 15 19 19 19 19 19 19 19 19 19 15 19 19 19 19 19 19 19 19 19 19 19 19 19 19 19 19 15 19 19 19 19 19 19 19 19 19 19 19 19 19 19 19 19 19 19 19 19 19 19 19 19 19 19 19 19 19 15 19 19 19 19 36 
19 19 32 32 32 32 19 19 19 19 19 19 19 19 19 19 19 19 15 19 19 19 19 19 19 19 19 19 19 19 19 19 19 19 19 19 19 15 19 19 19 19 19 19 19 19 19 15 19 108 108 108 108 108 108 19 19 19 19 19 19 19 19 19 15 19 19 19 19 19 19 19 19 19 19 19 19 19 19 19 19 19 19 19 19 19 19 19 19 19 19 19 19 19 15 19 19 19 19 36 
19 19 32 32 32 19 19 19 19 19 19 19 19 19 19 19 19 19 15 19 19 19 19 19 19 19 19 19 19 19 19 19 19 19 19 19 19 163 159 162 19 19 19 19 19 19 19 15 19 108 108 108 108 108 108 19 19 19 19 19 19 19 19 19 15 19 108 108 108 108 108 108 108 108 108 108 19 19 19 108 108 108 108 108 108 108 108 108 108 108 108 108 108 19 15 19 19 19 19 36 
19 19 19 19 19 19 19 19 19 19 19 19 19 19 19 19 19 19 15 19 19 19 19 19 19 19 19 19 40 41 41 41 41 41 42 19 19 19 19 15 19 19 19 19 19 19 19 15 19 108 108 108 108 108 108 19 19 19 19 108 108 108 108 19 15 19 108 108 108 108 108 108 108 108 108 108 19 19 19 108 108 108 108 108 108 108 108 108 108 108 108 108 108 19 15 19 19 19 19 36 
159 159 159 159 159 159 159 159 159 159 159 159 159 159 159 159 159 159 167 19 19 19 19 19 19 19 19 40 44 33 33 33 33 33 43 41 41 42 19 163 159 162 19 19 19 19 19 15 19 108 108 108 108 108 108 19 19 19 19 108 108 108 108 19 15 19 108 108 108 108 108 108 108 108 108 108 19 19 19 108 108 108 108 108 108 108 108 108 108 108 108 108 108 19 15 19 19 19 19 36 
19 19 19 19 19 19 19 19 19 19 19 19 19 19 19 19 19 19 15 19 19 19 19 19 19 19 19 36 33 33 33 33 33 33 33 33 33 37 19 19 19 15 19 19 19 19 19 15 19 19 19 19 19 19 19 19 19 19 19 108 108 108 108 19 15 19 108 108 108 108 108 108 108 108 108 108 19 19 19 108 108 108 108 108 108 108 108 108 108 108 108 108 108 19 15 19 19 19 19 36 
19 19 32 32 32 32 19 19 19 19 19 19 19 19 19 19 19 19 15 19 19 19 19 19 19 19 19 38 35 46 33 33 33 33 33 33 33 43 41 42 19 15 19 19 19 19 19 15 19 19 19 19 19 19 19 19 19 19 19 108 108 108 108 19 15 19 108 108 108 108 108 108 108 108 108 108 19 19 19 108 108 108 108 108 108 108 108 108 108 108 108 108 108 19 15 19 19 19 19 36 
19 19 32 32 32 32 32 19 19 19 19 19 19 19 19 19 19 19 15 19 19 19 19 19 19 19 19 19 19 38 46 33 33 33 33 33 45 35 35 39 19 15 19 19 19 19 19 15 19 19 19 19 19 19 19 19 19 19 19 19 19 19 19 19 15 19 108 108 108 108 108 108 108 108 108 108 19 19 19 108 108 108 108 108 108 108 108 108 108 108 108 108 108 19 15 19 19 19 19 36 
19 19 32 32 32 32 32 32 32 19 19 19 19 19 19 19 19 19 15 19 19 19 19 19 19 19 19 19 19 19 38 35 46 33 33 33 37 19 19 19 19 15 19 19 19 19 19 166 159 159 159 159 159 159 159 159 159 159 159 159 159 159 159 159 167 19 108 108 108 108 108 108 108 108 108 108 19 19 19 108 108 108 108 108 108 108 108 108 108 108 108 108 108 19 15 19 19 19 19 36 
19 19 32 32 32 32 32 32 32 32 32 32 32 19 19 19 19 19 15 19 19 19 19 19 19 19 19 19 19 19 19 19 38 35 35 35 39 19 19 19 19 15 19 19 19 19 19 15 19 19 19 19 19 19 19 19 19 19 19 19 19 19 19 19 15 19 19 19 19 19 19 19 19 19 19 19 19 19 19 19 19 19 19 19 19 19 19 19 19 19 19 19 19 19 15 19 19 19 19 36 
32 32 32 32 32 32 32 32 32 32 32 32 32 19 19 19 19 19 15 19 19 19 19 19 19 19 19 19 19 19 19 19 19 19 19 19 19 19 19 19 19 15 19 19 19 19 19 15 19 19 19 19 19 19 19 19 19 19 19 19 19 19 19 19 15 19 108 108 108 108 108 108 108 108 108 108 19 108 108 108 108 108 108 108 19 108 108 108 108 108 108 108 108 19 15 19 19 19 19 36 
32 32 32 32 32 32 32 32 32 32 32 32 32 32 32 19 19 19 15 19 19 19 19 19 19 19 19 19 19 19 19 19 19 19 19 19 19 19 19 19 19 15 19 19 19 19 19 15 19 108 108 108 108 19 19 19 108 108 108 108 108 108 108 19 15 19 108 108 108 108 108 108 108 108 108 108 19 108 108 108 108 108 108 108 19 108 108 108 108 108 108 108 108 19 15 19 19 19 19 36 
32 32 32 32 32 32 32 32 32 32 32 32 32 32 32 32 19 19 15 19 19 19 19 19 19 19 19 19 19 19 19 19 19 19 19 19 19 19 19 19 19 15 19 19 19 19 19 15 19 108 108 108 108 19 19 19 108 108 108 108 108 108 108 19 15 19 108 108 108 108 108 108 108 108 108 108 19 108 108 108 108 108 108 108 19 108 108 108 108 108 108 108 108 19 15 19 19 19 19 36 
32 32 32 32 32 32 32 32 32 32 32 32 32 32 32 32 19 19 15 19 19 19 19 19 19 19 19 19 19 19 19 19 19 19 19 19 19 19 19 19 19 15 19 19 19 19 19 15 19 108 108 108 108 19 19 19 108 108 108 108 108 108 108 19 15 19 108 108 108 108 108 108 108 108 108 108 19 108 108 108 108 108 108 108 19 108 108 108 108 108 108 108 108 19 15 19 19 19 19 36 
32 32 32 32 32 32 32 32 32 32 32 32 32 32 32 32 19 19 15 19 19 19 19 19 19 19 19 19 19 19 19 19 19 19 19 19 19 19 19 19 19 15 19 19 19 19 19 15 19 108 108 108 108 19 19 19 108 108 108 108 108 108 108 19 15 19 108 108 108 108 108 108 108 108 108 108 19 108 108 108 108 108 108 108 19 108 108 108 108 108 108 108 108 19 15 19 19 19 19 36 
32 32 32 32 32 32 32 32 32 32 32 32 32 32 32 32 19 19 15 19 19 19 19 19 19 19 19 19 19 19 19 19 19 19 19 19 19 19 19 19 19 15 19 19 19 19 19 15 19 19 19 19 19 19 19 19 19 19 19 19 19 19 19 19 15 19 19 19 19 19 19 19 19 19 19 19 19 19 19 19 19 19 19 19 19 19 19 19 19 19 19 19 19 19 15 19 19 19 19 36 
32 32 32 32 32 32 32 32 32 32 32 32 32 32 32 32 19 19 166 159 159 159 159 159 159 159 159 159 159 159 159 159 159 159 159 159 159 159 159 159 159 165 159 159 159 159 159 175 159 159 159 159 159 159 159 159 159 159 159 159 159 159 159 159 175 159 159 159 159 159 159 159 159 159 159 159 159 159 159 159 159 159 159 159 159 159 159 159 159 161 161 161 159 161 167 19 19 19 19 36 
32 32 32 32 32 32 32 32 32 32 32 32 32 32 32 32 19 19 15 19 19 19 19 19 19 19 19 19 19 19 19 19 19 19 19 19 19 19 19 19 19 19 19 19 19 19 19 15 19 19 19 19 19 19 19 19 19 19 19 19 19 19 19 19 15 19 19 19 19 19 19 19 19 19 19 19 19 19 19 19 19 19 19 19 19 19 19 19 19 19 19 19 19 19 15 19 19 19 19 36 
32 32 32 32 32 32 32 32 32 32 32 32 32 32 32 32 19 19 15 19 19 19 108 108 108 108 108 108 19 19 108 108 108 108 108 108 108 108 19 19 108 108 108 108 108 108 19 15 19 108 108 108 108 108 108 108 19 19 19 108 108 108 108 19 15 19 108 108 108 108 108 108 108 108 108 19 19 108 108 108 108 108 19 19 19 108 108 108 108 108 108 108 108 19 15 19 19 19 19 36 
32 32 32 32 32 32 32 32 32 32 32 32 32 32 32 32 19 19 15 19 19 19 108 108 108 108 108 108 19 19 108 108 108 108 108 108 108 108 19 19 108 108 108 108 108 108 19 15 19 108 108 108 108 108 108 108 19 19 19 108 108 108 108 19 15 19 108 108 108 108 108 108 108 108 108 19 19 108 108 108 108 108 19 19 19 108 108 108 108 108 108 108 108 19 15 19 19 19 19 36 
32 32 32 32 32 32 32 32 32 32 32 32 32 32 32 32 19 19 15 19 19 19 108 108 108 108 108 108 19 19 108 108 108 108 108 108 108 108 19 19 108 108 108 108 108 108 19 15 19 108 108 108 108 108 108 108 19 19 19 108 108 108 108 19 15 19 108 108 108 108 108 108 108 108 108 19 19 108 108 108 108 108 19 19 19 108 108 108 108 108 108 108 108 19 15 19 19 19 19 38 
32 32 32 32 32 32 32 32 32 32 32 32 32 32 32 32 19 19 15 19 19 19 108 108 108 108 108 108 19 19 108 108 108 108 108 108 108 108 19 19 108 108 108 108 108 108 19 15 19 108 108 108 108 108 108 108 19 19 19 108 108 108 108 19 15 19 108 108 108 108 108 108 108 108 108 19 19 108 108 108 108 108 19 19 19 108 108 108 108 108 108 108 108 19 15 19 19 19 19 19 
32 32 32 32 32 32 32 32 32 32 32 32 32 32 32 32 19 19 15 19 19 19 108 108 108 108 108 108 19 19 108 108 108 108 108 108 108 108 19 19 108 108 108 108 108 108 19 15 19 108 108 108 108 108 108 108 19 19 19 108 108 108 108 19 15 19 19 19 19 19 19 19 19 19 19 19 19 108 108 108 108 108 19 19 19 108 108 108 108 108 108 108 108 19 15 19 19 19 19 19 
32 32 32 32 32 32 32 32 32 32 32 32 32 32 32 32 19 19 15 19 19 19 108 108 108 108 108 108 19 19 108 108 108 108 108 108 108 108 19 19 108 108 108 108 108 108 19 15 19 108 108 108 108 108 108 108 19 19 19 108 108 108 108 19 15 19 19 19 19 19 19 19 19 19 19 19 19 108 108 108 108 108 19 19 19 108 108 108 108 108 108 108 108 19 15 19 19 19 19 19 
32 32 32 32 32 32 32 32 32 32 32 32 32 32 32 32 19 19 15 19 19 19 19 19 19 19 19 19 19 19 19 19 19 19 19 19 19 19 19 19 19 19 19 19 19 19 19 15 19 19 19 19 19 19 19 19 19 19 19 19 19 19 19 19 15 19 19 19 19 19 19 19 19 19 19 19 19 19 19 19 19 19 19 19 19 19 19 19 19 19 19 19 19 19 15 19 19 19 19 19 
32 32 32 32 32 32 32 32 32 32 32 32 32 32 32 32 19 19 166 159 159 159 159 159 159 159 159 159 159 159 159 159 159 159 159 159 159 159 159 159 159 159 159 159 159 159 159 165 159 159 159 159 159 159 159 159 159 159 159 159 159 159 159 159 166 159 159 159 159 159 159 159 159 159 159 159 159 159 159 159 159 159 159 159 159 159 159 159 159 159 159 159 159 159 167 19 19 19 19 19 
32 32 32 32 32 32 32 32 32 32 32 32 32 32 32 32 19 19 15 19 19 19 19 19 19 19 19 19 19 19 19 19 19 19 19 19 19 19 19 19 19 19 19 19 19 19 19 19 19 19 19 19 19 19 19 19 19 19 19 19 19 19 19 19 15 19 19 19 19 19 19 19 19 19 19 19 19 19 19 19 19 19 19 19 19 19 19 19 19 19 19 19 19 19 15 19 19 19 19 19 
32 32 32 32 32 32 32 32 32 32 32 32 32 32 32 32 19 19 15 19 19 19 19 19 19 19 19 19 19 19 19 19 19 19 19 19 19 19 19 19 19 19 19 19 19 108 108 108 108 108 19 19 19 19 108 108 108 108 108 108 108 108 19 19 15 19 19 108 108 108 108 108 19 19 19 108 108 108 108 108 108 108 108 108 108 19 108 108 108 108 108 108 108 19 15 19 19 19 19 19 
32 32 32 32 32 32 32 32 32 32 32 32 32 32 32 32 19 19 15 19 19 19 19 19 19 19 19 19 19 108 108 108 108 108 108 108 108 108 108 108 19 19 19 19 19 108 108 108 108 108 19 19 19 19 108 108 108 108 108 108 108 108 19 19 15 19 19 108 108 108 108 108 19 19 19 108 108 108 108 108 108 108 108 108 108 19 108 108 108 108 108 108 108 19 15 19 19 19 19 19 
32 32 32 32 32 32 32 32 32 32 32 32 32 32 32 32 19 19 15 19 19 19 19 19 19 19 19 19 19 108 108 108 108 108 108 108 108 108 108 108 19 19 19 19 19 108 108 108 108 108 19 19 19 19 108 108 108 108 108 108 108 108 19 19 15 19 19 108 108 108 108 108 19 19 19 108 108 108 108 108 108 108 108 108 108 19 108 108 108 108 108 108 108 19 15 19 19 19 19 19 
32 32 32 32 32 32 32 32 32 32 32 32 32 32 32 32 19 19 15 19 19 19 19 19 19 19 19 19 19 108 108 108 108 108 108 108 108 108 108 108 19 19 19 19 19 108 108 108 108 108 19 19 19 19 108 108 108 108 108 108 108 108 19 19 15 19 19 108 108 108 108 108 19 19 19 108 108 108 108 108 108 108 108 108 108 19 108 108 108 108 108 108 108 19 15 19 19 19 19 19 
32 32 32 32 32 32 32 32 32 32 32 32 32 32 32 32 19 19 15 19 19 19 19 19 19 19 19 19 19 108 108 108 108 108 108 108 108 108 108 108 19 19 19 19 19 108 108 108 108 108 19 19 19 19 108 108 108 108 108 108 108 108 19 19 15 19 19 108 108 108 108 108 19 19 19 108 108 108 108 108 108 108 108 108 108 19 108 108 108 108 108 108 108 19 15 19 19 19 19 19 
32 32 32 32 32 32 32 32 32 32 32 32 32 32 32 32 19 19 15 19 19 19 19 19 19 19 19 19 19 108 108 108 108 108 108 108 108 108 108 108 19 19 19 19 19 108 108 108 108 108 19 19 19 19 108 108 108 108 108 108 108 108 19 19 15 19 19 108 108 108 108 108 19 19 19 19 19 19 19 19 19 19 19 19 19 19 19 19 19 19 19 19 19 19 15 19 19 19 19 19 
32 32 32 32 32 32 32 32 32 32 32 32 32 32 32 32 19 19 15 19 19 19 19 19 19 19 19 19 19 19 19 19 19 19 19 19 19 19 19 19 19 19 19 19 19 19 19 19 19 19 19 19 19 19 19 19 19 19 19 19 19 19 19 19 15 19 19 19 19 19 19 19 19 19 19 19 19 19 19 19 19 19 19 19 19 19 19 19 19 19 19 19 19 19 15 19 19 19 19 19 
32 32 32 32 32 32 32 32 32 32 32 32 32 32 32 32 19 19 163 159 159 159 159 159 159 159 159 159 159 159 159 159 159 159 159 159 159 159 159 159 159 159 159 159 159 159 159 159 159 159 159 159 159 159 159 159 159 159 159 159 159 159 159 159 175 159 159 159 159 159 159 159 159 159 159 159 159 159 159 159 159 159 159 159 159 159 159 159 159 159 159 159 159 159 164 32 32 32 32 32 
32 32 32 32 32 32 32 32 32 32 32 32 32 32 32 32 32 19 19 19 19 19 19 19 19 19 19 19 19 19 19 19 19 19 19 19 19 19 19 19 19 19 19 19 19 19 19 19 19 19 19 19 19 19 19 19 19 19 19 19 19 19 19 19 15 19 19 19 19 19 19 19 19 19 19 19 19 19 19 19 32 32 32 32 32 32 32 32 32 32 32 32 32 32 32 32 32 19 19 19 
32 32 32 32 32 32 32 32 32 32 32 32 32 32 32 32 32 32 19 19 19 19 19 19 19 19 19 19 19 19 19 19 19 19 19 19 19 19 19 19 19 19 19 19 19 19 19 19 19 19 19 19 19 19 19 19 19 19 19 19 0 0 0 0 0 0 0 0 0 0 19 19 19 19 19 19 19 19 19 32 32 32 32 32 32 32 32 32 32 32 32 19 19 19 19 19 19 19 19 19 
32 32 32 32 32 32 32 32 32 32 32 32 32 32 32 32 32 32 32 19 19 19 19 19 19 19 19 19 19 19 19 19 32 32 32 32 32 32 32 32 32 32 32 32 32 32 32 32 32 32 32 32 32 32 32 32 19 19 19 0 0 19 19 19 19 19 19 19 19 0 0 0 19 19 19 19 19 32 32 32 32 32 19 19 19 19 19 19 19 19 19 19 19 19 19 19 19 19 19 19 
32 32 32 32 32 32 32 32 32 32 32 32 32 32 32 32 32 32 32 32 32 32 32 32 32 32 32 32 32 32 32 32 32 32 32 32 32 19 32 32 32 32 32 19 19 19 19 19 19 19 19 19 19 19 19 19 0 0 0 0 19 19 19 19 19 19 19 19 19 0 0 0 0 0 19 19 32 32 32 19 19 19 19 19 19 19 19 19 19 19 19 19 19 19 19 19 19 19 19 19 
32 32 32 32 32 32 32 32 32 32 32 32 32 32 32 32 32 32 32 32 32 32 32 19 32 32 32 32 32 32 32 32 19 19 19 19 19 19 19 19 19 19 19 19 19 19 19 19 19 19 19 19 19 19 19 19 0 0 19 19 19 19 19 19 19 19 19 19 19 19 19 19 0 0 0 0 32 32 19 19 19 19 19 19 19 19 19 19 19 19 19 19 19 19 19 19 19 19 19 19 
32 32 32 32 32 32 32 32 32 32 32 32 32 32 32 32 19 19 19 19 19 19 19 19 32 32 32 19 19 19 19 19 19 19 19 19 19 19 19 19 19 19 19 19 19 19 19 19 19 19 19 19 19 19 19 0 0 19 19 19 19 19 19 19 19 19 19 19 19 19 19 19 19 0 0 0 19 19 19 19 19 19 19 19 19 19 19 19 19 19 19 19 19 19 19 19 19 19 19 19 
32 32 32 32 32 32 32 32 32 32 32 32 32 32 32 32 19 19 19 19 19 19 19 19 19 19 19 19 19 19 19 19 19 19 19 19 19 19 19 19 19 19 19 19 19 19 19 19 19 19 19 19 19 19 19 0 0 19 19 19 19 19 19 19 19 19 19 19 19 19 19 19 19 19 19 19 19 19 19 19 19 19 19 19 19 19 19 19 19 19 19 19 19 19 19 19 19 19 19 19 
