33 33 33 33 33 33 33 33 33 33 33 33 33 33 33 33 33 33 33 33 33 33 33 33 33 33 33 33 33 33 33 33 33 33 33 33 33 33 33 33 33 33 33 33 33 33 33 33 60 56 59 33 33 33 33 33 33 33 33 33 33 33 33 33 33 33 33 33 33 33 33 33 33 33 33 33 33 33 33 33 33 33 33 33 33 33 33 33 33 33 33 33 33 33 33 33 33 33 33 33 
33 33 33 33 33 33 33 33 33 33 33 33 33 33 33 33 33 33 33 33 33 33 33 33 33 33 33 33 33 33 33 33 33 33 33 33 33 33 33 34 33 33 33 33 33 33 33 33 60 56 59 33 33 33 33 33 33 33 33 33 33 33 33 33 33 33 33 33 33 33 33 33 33 34 33 33 33 33 33 33 33 33 33 33 33 33 33 33 33 33 33 33 33 33 33 33 33 33 33 33 
33 33 33 33 33 33 33 33 33 33 33 33 33 34 33 33 33 33 33 33 33 33 33 33 33 33 33 33 33 33 33 33 33 33 33 33 33 33 33 33 33 33 33 33 33 33 33 33 60 56 59 33 33 33 33 33 33 34 33 33 33 33 33 33 33 33 33 33 33 33 33 33 33 33 33 33 33 33 33 33 33 33 33 33 33 33 33 33 33 33 33 33 34 33 33 33 33 33 34 33 
33 33 33 45 35 35 35 35 35 35 35 35 35 35 35 35 35 35 35 35 35 35 35 35 35 35 35 35 35 35 35 35 46 45 35 35 35 35 35 35 35 35 35 35 35 35 35 35 57 56 58 35 35 35 35 35 35 35 35 35 35 35 35 35 35 35 35 35 35 35 35 35 35 35 35 35 35 35 35 35 35 35 35 35 35 35 35 35 35 35 35 35 33 33 33 35 46 33 33 33 
33 33 33 37 19 19 19 19 19 19 19 19 19 19 19 19 19 19 19 19 19 19 19 19 19 19 19 19 19 19 19 19 36 37 19 19 19 19 32 32 32 32 32 32 32 19 19 19 19 19 19 19 19 19 19 19 19 19 19 19 19 19 19 19 19 19 19 19 32 32 32 32 32 32 32 32 19 19 19 19 19 19 19 19 19 19 19 19 19 19 19 19 36 33 37 19 38 46 33 33 
33 33 33 37 19 19 19 32 32 32 32 32 32 32 32 32 32 32 32 32 32 19 19 19 19 19 19 19 19 19 19 19 36 37 19 19 19 19 32 19 32 32 32 32 32 19 19 19 19 19 19 19 19 19 19 19 19 18 19 19 19 18 19 19 19 19 19 32 32 32 32 32 32 32 32 32 32 19 19 19 19 19 19 19 19 32 32 19 19 19 19 19 36 45 39 19 19 38 33 33 
33 33 34 37 19 32 32 32 32 32 32 32 32 32 32 32 32 19 19 19 19 19 19 19 19 19 32 19 19 19 19 19 36 37 19 19 19 19 32 32 32 32 32 32 19 19 19 19 19 19 19 19 19 19 19 19 19 19 19 19 19 19 19 19 19 32 32 32 32 32 32 32 32 32 32 32 32 19 19 19 19 19 19 32 32 32 32 32 32 19 19 40 44 39 19 19 19 19 36 33 
33 33 33 37 19 32 32 32 32 32 32 19 19 32 32 32 19 19 19 19 19 19 19 18 19 19 32 32 19 19 19 19 36 37 19 19 19 19 19 32 32 32 32 32 32 19 19 19 19 19 19 19 19 19 19 19 19 19 19 32 32 19 19 19 19 32 32 32 32 32 32 32 32 32 32 32 32 32 19 19 18 19 32 32 32 32 19 19 19 19 19 36 37 19 19 19 19 19 36 33 
33 33 33 37 19 32 32 32 32 32 19 19 19 19 19 19 19 19 19 19 32 32 19 19 19 19 32 32 19 19 19 19 38 33 42 19 19 19 19 19 19 32 32 32 32 19 19 19 19 19 19 19 19 19 19 19 19 19 32 32 32 19 19 19 32 32 32 32 32 32 19 83 84 82 19 19 32 32 19 19 19 32 32 32 19 19 19 19 19 19 40 33 37 19 19 19 19 19 36 33 
33 33 33 37 19 32 32 32 32 19 19 72 67 69 68 73 19 19 32 32 32 32 19 19 19 19 32 32 32 19 19 19 19 38 33 42 19 18 19 19 19 19 32 32 19 19 19 19 19 19 19 19 19 19 19 19 19 19 32 32 32 19 19 19 32 32 32 32 32 19 19 80 81 79 19 19 19 19 19 19 19 32 32 32 19 19 19 19 40 41 44 33 37 19 19 19 19 19 36 33 
33 33 33 37 19 19 19 32 32 19 19 70 66 64 65 71 19 19 32 32 19 19 19 19 19 19 32 32 32 19 18 19 19 19 36 37 19 19 19 19 19 19 19 32 19 19 19 19 19 19 19 19 18 19 19 19 19 19 32 32 32 19 19 19 19 32 32 32 19 19 19 78 76 77 19 19 19 19 19 19 19 19 32 32 19 19 40 41 44 33 33 33 37 19 19 19 19 19 36 33 
33 33 33 37 19 19 19 19 19 19 19 19 19 19 19 19 19 19 32 32 32 32 19 32 19 19 32 32 32 19 19 19 19 19 36 37 19 19 19 19 19 19 19 32 19 19 19 19 19 19 19 19 19 19 19 19 19 19 32 32 32 19 19 19 19 32 32 32 19 19 19 19 19 19 19 19 19 19 19 19 19 19 19 19 19 19 36 33 33 33 33 33 37 19 19 19 19 19 36 33 
33 33 33 37 19 19 19 19 19 19 19 19 19 19 19 19 19 19 19 32 32 32 32 32 19 19 32 32 32 19 19 19 19 19 36 37 19 19 19 19 19 19 19 19 19 19 19 18 19 19 19 19 19 19 19 19 19 19 32 32 32 32 19 19 19 32 32 32 19 19 19 19 19 19 19 19 19 19 19 19 19 19 19 19 19 19 36 33 33 33 33 33 43 42 19 19 19 19 36 33 
33 33 33 37 19 19 32 32 32 32 32 19 19 19 19 19 19 19 19 19 32 32 32 19 19 19 32 32 32 19 19 19 19 19 38 43 42 19 19 19 19 19 19 19 19 19 19 19 19 19 19 19 19 19 19 19 19 19 32 32 32 32 19 19 19 32 32 32 19 19 19 19 19 19 19 19 19 19 19 19 19 19 19 19 19 19 36 33 33 34 33 33 33 37 19 19 19 19 36 33 
33 33 33 37 19 19 32 32 32 32 32 32 19 19 19 19 19 19 19 19 32 32 32 19 19 19 32 32 32 19 19 19 19 19 19 36 37 19 19 19 32 19 32 19 19 19 19 19 19 19 19 19 19 19 19 19 19 19 19 32 32 32 32 19 19 19 32 19 19 19 19 19 19 19 19 19 19 19 19 19 19 19 19 19 19 19 36 33 33 33 33 33 33 37 19 19 19 19 36 33 
33 33 33 37 19 19 32 32 32 32 19 19 19 19 19 19 19 19 19 32 32 32 19 19 19 19 32 32 32 32 19 19 19 19 19 38 43 42 19 19 32 19 32 19 19 19 19 19 19 19 19 19 19 19 19 19 19 19 19 19 32 32 32 19 19 19 19 19 19 19 19 19 19 19 19 19 19 19 19 19 19 19 19 19 19 19 38 35 35 35 35 35 35 39 19 18 19 19 36 33 
33 33 33 37 19 19 32 32 32 19 19 19 19 18 19 19 19 19 19 32 32 32 19 19 19 32 32 32 32 32 19 19 19 19 32 19 36 37 19 19 32 32 32 32 19 19 19 19 19 19 19 19 19 19 19 19 19 19 19 19 19 32 32 32 32 19 19 19 19 19 19 19 19 19 19 19 19 19 19 19 19 32 32 32 19 19 19 19 19 19 19 19 19 19 19 19 19 19 36 33 
33 33 33 37 19 32 32 19 19 19 19 19 19 19 19 19 19 19 19 32 32 19 19 19 19 32 32 32 32 19 19 19 19 32 32 19 36 37 19 19 32 32 32 32 19 19 19 19 19 19 19 18 19 19 19 19 19 19 19 19 19 32 32 32 32 19 19 19 19 19 19 19 19 19 19 19 19 19 19 32 32 32 32 19 19 19 19 19 32 32 32 32 32 32 19 19 19 19 36 33 
33 33 33 37 19 32 32 19 19 19 19 32 32 32 32 32 32 19 19 19 19 19 19 19 19 32 32 19 32 19 19 19 32 32 19 19 36 37 19 19 19 32 32 32 19 19 19 19 19 19 19 19 19 19 19 19 19 19 19 19 19 19 32 32 32 19 19 19 19 18 19 19 19 19 32 32 32 32 32 32 32 32 19 19 19 19 32 32 32 32 32 32 32 32 19 19 19 19 36 33 
33 33 34 37 19 19 19 18 19 19 19 32 32 32 32 32 32 19 19 19 19 19 19 19 32 32 32 19 19 19 19 32 32 19 19 19 36 37 19 19 19 32 32 32 32 19 19 19 19 19 19 19 19 19 19 19 19 19 19 19 19 19 19 32 32 32 19 19 19 19 19 19 19 32 32 32 32 32 32 32 19 19 19 19 19 19 32 32 32 32 32 32 32 32 19 19 19 19 36 33 
33 33 33 37 19 19 19 19 19 19 19 19 19 32 32 32 32 32 19 19 19 19 19 19 32 32 32 19 19 19 19 32 32 19 19 40 44 37 19 19 32 32 32 32 32 32 19 19 19 19 19 19 19 19 19 19 19 19 19 19 19 19 19 19 19 19 19 19 19 19 19 19 19 32 19 32 32 32 32 32 32 32 19 19 19 19 32 32 32 32 32 32 32 32 19 19 19 19 36 33 
33 33 33 37 19 19 19 32 32 19 19 19 19 19 32 32 32 32 19 19 18 19 19 19 32 32 32 19 19 19 32 32 32 19 19 36 33 37 19 19 32 32 32 32 32 32 19 19 19 19 19 19 19 19 19 19 19 19 19 19 19 19 19 19 19 19 19 19 19 19 19 19 32 32 19 32 32 19 19 19 19 19 19 19 19 19 19 32 32 32 32 32 32 32 19 19 19 19 36 33 
33 33 33 37 19 19 19 32 32 32 32 32 19 18 32 32 32 32 32 19 19 19 19 19 19 32 19 19 19 32 32 32 32 19 19 36 33 37 19 19 19 32 32 32 32 32 19 19 19 19 19 19 19 19 19 19 19 19 19 19 19 19 19 19 19 19 19 19 19 19 19 19 32 32 19 32 19 19 19 19 19 19 19 18 19 19 19 19 32 32 32 32 32 32 19 19 19 19 36 33 
33 33 33 37 19 19 19 32 32 32 32 32 19 19 19 19 19 32 32 19 19 19 19 19 19 19 19 19 19 32 32 32 19 19 19 36 33 37 19 19 19 19 32 32 32 32 19 19 19 19 19 18 19 19 19 19 19 19 19 19 19 19 19 19 19 19 19 19 19 19 19 19 19 19 19 32 19 19 19 19 19 19 19 19 19 19 19 19 32 32 32 32 32 32 19 19 19 19 36 33 
33 33 33 37 19 19 19 32 32 19 19 19 19 19 19 19 19 32 32 32 19 19 19 19 19 19 32 32 32 32 32 32 32 19 19 36 33 43 41 42 19 19 32 32 32 32 19 19 19 19 19 19 19 19 19 19 19 19 19 19 19 19 19 19 19 18 19 19 19 19 19 19 19 19 19 19 19 19 19 19 19 19 19 19 19 19 19 19 32 32 32 32 32 32 19 19 19 19 36 33 
33 33 33 37 19 19 19 19 32 32 32 32 19 19 19 19 19 19 19 19 19 19 19 19 32 19 32 32 32 32 32 19 19 19 19 36 33 34 33 37 19 19 19 32 32 19 19 19 19 19 19 19 19 19 19 19 19 19 19 19 19 19 19 19 19 19 19 19 19 19 19 19 19 19 19 19 19 19 19 19 19 19 19 19 19 19 19 32 32 32 32 32 32 32 19 19 19 19 36 33 
33 33 33 37 19 19 19 19 32 32 32 32 32 19 19 19 19 19 19 19 19 19 19 32 32 19 32 32 32 19 19 19 19 19 40 44 33 33 33 43 42 19 19 32 32 19 19 19 19 19 19 19 19 19 19 19 19 19 19 19 19 19 19 19 19 19 19 19 19 19 19 19 19 19 19 19 19 19 19 19 19 19 19 19 19 19 19 32 32 32 32 32 32 19 19 19 19 19 36 33 
33 33 33 37 19 19 19 19 19 19 32 32 32 32 32 19 18 19 19 19 32 32 32 32 32 32 32 32 19 19 19 19 19 40 33 33 33 33 33 33 37 19 19 19 32 19 19 19 19 19 19 19 19 19 19 19 19 19 19 19 19 19 19 19 19 32 19 19 19 19 19 19 19 19 19 19 19 19 19 19 19 19 19 19 19 19 19 19 32 32 32 32 19 19 19 19 19 19 36 34 
33 33 33 43 42 19 19 19 19 19 19 32 32 32 32 19 18 19 19 32 32 32 32 32 32 32 19 19 19 19 19 19 19 36 33 33 33 33 33 33 37 19 19 19 32 19 19 19 19 19 19 19 19 19 19 19 19 18 19 19 19 19 19 19 32 32 32 19 19 19 19 19 18 19 19 19 19 19 19 19 19 72 67 69 68 73 19 19 32 32 32 32 19 18 19 19 19 19 36 33 
33 33 33 33 43 41 41 42 19 19 19 19 19 32 32 19 19 19 32 32 32 32 32 32 19 19 19 19 19 19 19 19 19 36 33 34 33 33 33 33 37 19 19 19 19 19 19 19 19 19 19 19 19 19 19 19 19 19 19 19 19 19 19 32 32 32 32 19 19 19 19 19 19 19 19 19 19 19 19 19 19 70 66 64 65 71 19 32 32 32 32 19 19 19 19 19 19 19 36 33 
33 33 33 33 33 33 33 37 19 19 19 19 19 19 19 19 19 19 32 32 32 32 19 19 19 19 19 19 19 19 19 19 19 38 33 33 33 33 33 33 39 19 19 19 19 19 19 19 19 19 19 19 19 19 19 19 19 19 19 19 19 19 32 32 32 32 32 19 19 19 19 19 19 19 19 19 19 19 19 19 19 19 19 19 19 19 32 32 32 19 19 19 19 19 19 19 19 19 36 33 
33 33 33 33 33 33 33 43 41 41 42 19 19 19 19 19 19 19 19 19 19 32 19 19 19 19 19 19 19 19 19 19 19 19 38 35 35 35 35 39 19 19 19 19 19 19 19 19 19 19 19 19 19 19 19 19 32 32 32 32 32 32 32 32 32 32 19 19 19 19 19 19 19 19 19 19 19 19 19 19 19 19 19 19 19 32 32 32 32 19 19 19 19 19 32 32 32 19 36 33 
33 33 33 33 33 33 33 33 33 51 131 133 133 130 19 19 19 32 32 32 19 19 19 19 19 19 19 19 19 19 19 19 19 19 19 19 19 19 19 19 19 19 19 19 19 19 19 19 19 19 19 19 19 19 19 32 32 32 32 32 32 32 32 32 32 19 19 19 19 19 19 19 19 19 19 19 19 19 19 19 19 19 19 19 19 32 32 32 19 19 19 19 19 19 32 32 32 19 36 33 
33 33 33 33 33 33 33 33 33 28 20 20 20 134 130 19 19 32 32 32 32 19 19 19 19 18 19 19 19 19 19 19 19 19 19 19 19 19 19 19 19 19 19 19 19 19 19 19 19 19 19 19 19 19 19 19 32 32 32 32 32 32 32 19 19 19 19 19 19 19 19 19 19 19 19 19 19 19 19 19 19 19 19 19 19 19 19 19 19 19 19 19 32 32 32 32 32 19 36 33 
33 33 33 33 33 34 33 33 33 28 20 20 20 20 134 130 19 19 32 32 32 32 19 19 19 19 19 19 19 19 19 19 19 19 72 67 69 68 73 19 19 19 19 19 19 19 19 19 19 19 19 18 19 19 19 19 19 19 19 19 19 19 19 19 19 19 19 19 19 19 19 19 19 19 19 19 19 19 19 19 19 19 19 19 19 19 19 19 19 19 32 32 32 32 32 19 19 19 36 33 
33 33 33 33 33 33 33 33 33 28 20 20 20 20 20 134 133 130 19 19 19 19 19 19 19 19 19 19 19 19 19 19 19 19 70 66 64 65 71 19 19 19 19 19 32 19 19 19 19 19 19 19 19 19 19 19 19 19 19 19 19 19 19 19 19 19 19 19 19 19 19 32 32 32 32 32 32 32 19 19 19 19 19 19 19 19 19 19 19 19 32 32 32 32 19 19 19 19 36 33 
33 33 33 33 33 33 33 33 51 53 20 20 20 20 20 20 20 134 133 133 130 19 19 19 19 19 19 19 19 19 19 19 19 19 19 19 19 19 19 19 19 19 19 32 32 19 19 19 19 19 19 19 19 19 19 19 19 19 19 19 19 19 19 19 19 19 19 19 32 32 32 32 32 32 32 32 32 32 32 32 19 19 19 19 19 19 19 18 19 19 32 19 19 19 19 19 19 19 36 33 
33 33 33 33 33 33 33 51 53 20 20 20 20 20 20 20 20 20 20 20 24 19 19 19 19 19 19 19 19 19 19 19 19 19 19 19 19 19 19 19 19 19 32 32 32 19 19 19 19 19 19 19 19 19 19 19 19 19 19 19 19 19 19 19 19 19 19 32 32 32 32 32 32 32 32 32 32 32 32 32 19 19 19 19 19 19 19 19 19 19 19 19 19 19 19 19 19 40 44 33 
33 33 33 33 33 33 33 28 20 20 20 20 20 20 20 20 20 20 20 20 24 19 19 19 19 18 19 19 19 19 19 19 19 19 19 19 19 19 19 19 19 32 32 32 32 19 19 19 19 19 19 19 19 19 19 19 19 19 19 19 19 19 19 19 19 19 19 32 32 19 19 19 19 19 19 19 19 32 32 32 19 19 19 19 19 19 19 19 19 19 19 19 19 19 19 19 40 44 33 34 
33 33 33 33 33 33 33 28 20 20 20 20 20 20 20 20 20 20 20 20 24 19 19 19 19 19 19 19 19 18 19 19 19 19 19 19 19 19 19 32 32 32 32 32 32 19 19 19 19 19 19 19 19 19 19 19 19 19 19 19 19 19 19 19 19 19 19 32 19 19 19 19 19 19 19 19 19 19 32 32 19 19 19 19 19 19 19 19 19 19 40 41 42 19 19 19 36 33 33 33 
33 33 33 33 33 33 33 28 20 20 20 20 20 20 20 20 20 20 20 20 24 19 19 19 19 19 19 19 19 19 19 19 19 19 19 19 19 19 32 32 32 32 32 32 19 19 19 19 19 19 19 19 19 19 19 19 19 19 19 19 19 19 19 19 19 19 19 19 19 19 19 19 19 19 19 19 19 19 19 19 19 19 19 19 19 19 19 19 40 41 44 33 43 41 41 41 44 33 33 33 
33 34 33 33 33 33 33 28 20 20 20 20 20 20 20 20 20 20 20 20 24 19 19 19 19 19 19 19 19 19 19 19 19 19 19 32 32 32 32 32 32 32 32 19 19 19 19 19 19 19 19 19 19 19 19 19 19 19 19 19 19 19 19 19 19 19 19 19 19 19 19 19 19 19 19 19 19 19 19 19 19 19 19 19 19 19 19 40 44 33 33 45 35 35 35 35 46 33 33 33 
33 33 33 33 33 33 33 49 31 20 20 20 20 20 20 20 20 20 20 20 24 19 19 19 19 19 19 19 19 19 19 19 19 32 32 32 32 32 32 32 32 32 19 19 19 19 19 19 19 19 19 19 19 19 19 32 32 32 32 19 19 19 19 19 19 19 19 19 19 19 19 19 19 32 32 32 19 32 32 32 32 32 19 19 19 19 19 36 33 33 45 39 32 32 32 32 38 46 33 33 
33 33 33 33 33 33 33 33 28 20 20 20 20 20 20 20 20 20 20 20 24 19 19 19 19 19 19 19 19 19 19 32 32 32 32 32 32 32 32 19 19 19 19 19 19 19 19 19 19 19 19 19 19 19 19 32 32 32 19 19 19 19 19 19 19 19 19 19 19 19 19 18 19 19 32 32 32 32 32 32 32 32 19 19 19 40 41 44 33 35 39 32 32 32 32 32 32 36 33 33 
33 33 33 33 33 33 33 33 28 20 20 20 20 20 20 20 20 20 20 20 24 19 19 19 19 19 19 19 19 19 19 19 32 32 32 32 32 32 32 19 19 19 19 19 19 19 19 19 19 19 19 19 19 19 32 32 32 32 19 19 19 19 19 19 19 83 84 82 19 19 19 19 19 19 19 19 19 19 19 19 19 19 19 40 41 44 33 45 39 32 32 32 32 32 32 32 32 38 46 33 
33 33 33 33 33 33 33 33 28 20 20 20 20 20 20 20 20 20 20 20 24 19 19 19 19 19 19 19 19 19 19 19 19 32 32 32 32 32 19 19 19 19 19 19 19 19 19 19 19 19 19 19 19 19 32 32 32 19 19 19 19 19 19 19 19 88 89 90 19 19 19 19 19 19 19 19 19 19 19 19 19 40 41 44 33 33 33 37 32 32 32 32 32 32 32 32 32 32 38 46 
33 33 33 33 33 33 33 33 28 20 20 20 20 20 20 20 20 20 20 20 24 19 19 19 19 19 19 19 19 19 19 19 19 19 32 32 32 32 19 19 19 72 67 69 68 73 19 19 19 19 19 19 19 32 32 32 32 19 19 19 19 19 19 19 19 86 85 87 19 19 19 19 19 19 19 19 40 41 41 41 41 44 33 33 34 45 35 39 32 32 32 32 32 32 32 32 32 32 32 36 
33 33 33 33 33 33 33 33 28 20 20 20 20 20 20 20 20 20 20 20 24 19 19 19 19 19 19 19 19 19 19 19 19 19 32 32 32 32 19 19 19 70 66 64 65 71 19 19 19 19 19 19 19 32 32 32 32 19 19 19 19 19 19 19 19 19 19 19 19 19 19 40 41 41 41 41 44 33 33 33 33 33 45 35 35 39 32 32 32 32 32 32 32 32 32 32 32 32 32 36 
33 33 33 33 33 33 33 33 28 20 20 20 20 20 20 20 20 20 20 20 24 19 19 19 19 19 19 19 19 19 19 19 19 19 19 32 32 32 32 19 19 19 19 19 19 19 19 19 19 19 19 19 32 32 32 32 32 19 19 19 19 19 19 19 19 19 19 19 19 19 19 36 33 33 33 45 35 35 35 35 35 35 39 32 32 32 32 32 32 32 32 32 32 32 32 32 32 32 32 36 
33 33 33 33 33 33 33 33 28 20 20 20 20 20 20 20 20 20 20 20 24 19 19 19 19 19 19 19 18 19 19 19 19 19 19 19 32 32 32 19 19 19 19 19 19 19 19 19 19 19 19 32 32 32 32 32 32 19 19 19 19 19 19 19 40 42 19 40 41 41 41 44 33 33 45 39 32 32 32 32 32 32 32 32 32 32 32 32 32 32 32 32 32 32 32 32 32 32 32 36 
33 33 33 33 33 33 33 33 28 20 20 20 20 20 20 20 20 20 20 20 24 19 19 19 19 19 19 19 19 19 19 19 19 19 19 19 19 19 32 19 19 19 19 19 19 19 19 19 19 19 19 19 32 32 32 19 19 19 19 19 19 19 19 19 36 37 19 36 33 33 33 33 45 35 39 32 32 32 32 32 32 32 32 32 32 32 32 32 32 32 32 32 32 32 32 32 32 32 32 36 
33 33 33 33 33 33 33 33 28 20 20 20 20 20 20 20 20 20 20 20 23 19 19 19 19 19 19 19 19 19 19 19 19 19 19 19 19 19 19 19 19 19 19 19 19 19 19 19 19 19 19 19 32 32 19 19 19 19 19 19 18 19 19 40 44 37 19 36 33 33 34 45 39 32 32 32 32 32 32 32 32 32 32 32 32 32 32 32 32 32 32 32 32 32 32 32 32 32 32 36 
33 33 33 33 33 33 33 33 49 31 20 20 20 20 20 20 20 20 20 24 19 19 19 19 19 19 19 19 19 19 19 19 19 19 19 19 19 19 19 19 19 19 19 19 19 19 19 19 19 19 19 19 19 19 19 19 19 19 19 19 19 19 40 44 33 39 19 38 33 33 33 37 32 32 32 32 32 32 32 32 32 32 32 32 32 32 32 32 32 32 32 32 32 32 32 32 32 32 32 36 
33 33 33 33 33 33 33 33 33 49 31 20 20 20 20 20 20 20 20 23 19 19 19 32 32 32 19 19 19 19 19 19 19 19 19 19 19 19 19 19 19 19 19 19 19 19 18 19 19 19 19 19 19 19 19 19 19 19 19 19 19 40 44 33 37 19 19 19 36 33 33 37 32 32 32 32 32 32 32 32 32 32 32 32 32 32 32 32 32 32 32 32 32 32 32 32 32 32 32 38 
33 33 33 33 33 33 33 33 33 33 28 20 20 20 20 20 20 20 23 19 19 19 32 32 32 32 32 19 19 19 19 19 19 19 19 19 19 19 19 19 19 19 19 19 19 19 19 19 19 19 19 19 19 19 19 19 19 19 19 19 19 36 33 33 37 19 19 19 36 33 33 37 32 32 32 32 32 32 32 32 32 32 32 32 32 32 32 32 32 32 32 32 32 32 32 32 32 32 32 32 
33 33 33 33 33 33 33 33 33 33 28 20 20 20 20 20 20 23 19 19 19 19 32 32 32 32 32 19 19 19 19 19 19 19 19 19 19 19 19 19 19 19 19 19 19 19 19 19 19 19 19 19 19 19 19 19 19 19 19 19 40 44 33 33 37 19 19 19 36 33 45 39 32 32 32 32 32 32 32 32 32 32 32 32 32 32 32 32 32 32 32 32 32 32 32 32 32 32 32 32 
33 33 33 33 33 33 33 33 33 33 28 20 20 20 20 20 23 19 19 19 19 32 32 32 32 32 32 19 19 19 19 19 19 19 19 19 19 19 19 19 19 19 19 19 19 19 19 19 19 19 19 19 19 19 19 19 19 19 19 40 44 33 33 33 43 41 41 41 44 33 37 32 32 32 32 32 32 32 32 32 32 32 32 32 32 32 32 32 32 32 32 32 32 32 32 32 32 32 32 32 
33 33 33 33 33 33 33 33 33 33 28 20 20 20 20 23 19 19 19 19 32 32 32 32 32 32 19 19 19 19 19 19 19 19 19 19 18 19 19 19 19 19 19 19 19 19 19 19 19 19 19 32 32 32 32 19 19 19 19 36 33 33 33 33 33 33 33 33 33 45 39 32 32 32 32 32 32 32 32 32 32 32 32 32 19 32 32 19 19 19 19 19 19 19 19 19 19 19 19 19 
33 33 33 33 33 33 33 33 33 33 28 20 20 20 23 19 19 19 19 32 32 32 32 32 32 32 19 19 19 19 19 19 19 19 19 19 19 19 19 19 19 19 19 19 19 19 19 19 32 32 32 32 32 32 19 19 19 19 19 36 33 33 34 33 33 33 33 33 45 39 32 32 32 32 32 32 32 32 32 32 32 32 32 19 19 19 19 19 19 19 18 19 19 19 19 19 19 32 32 32 
33 33 33 33 33 33 33 33 33 33 28 20 132 23 19 19 19 19 32 32 32 32 32 32 32 19 19 19 19 19 19 19 19 19 19 19 19 19 19 19 19 19 19 19 19 19 19 32 32 32 32 32 32 19 19 19 19 19 19 36 33 33 33 33 33 33 33 45 39 32 32 32 32 32 32 32 32 32 32 32 32 19 19 19 19 19 19 32 32 32 32 32 32 32 32 32 32 32 32 32 
33 33 33 33 33 33 33 33 33 33 135 23 19 19 19 19 19 32 32 32 32 32 32 32 19 19 19 19 19 19 19 19 19 19 19 19 19 19 19 19 19 19 19 19 19 19 32 32 32 32 32 32 19 19 19 19 19 19 19 38 35 35 35 35 35 35 35 39 32 32 32 32 32 32 32 32 32 32 32 32 19 19 19 19 19 19 32 32 32 32 32 32 32 32 32 32 32 32 32 40 
33 33 33 34 33 33 33 33 33 33 136 19 19 19 19 19 32 32 32 32 32 32 32 19 19 19 19 19 19 19 19 19 19 19 19 19 19 19 19 19 19 19 19 19 19 19 32 32 32 32 32 19 19 19 19 19 19 19 19 19 19 19 32 32 32 32 32 32 32 32 32 32 32 32 32 32 32 32 32 19 19 19 19 19 19 32 32 32 32 32 32 32 32 32 32 32 32 32 32 36 
33 33 33 33 33 33 33 45 35 35 39 19 18 19 19 19 19 19 19 19 19 19 19 19 19 19 19 19 18 19 19 19 19 19 19 19 19 19 19 19 19 19 19 19 19 32 32 19 32 32 32 32 19 19 19 18 19 19 19 19 32 32 32 32 32 32 32 32 32 32 32 32 32 32 32 32 32 19 19 19 19 19 19 32 32 32 32 32 32 32 32 32 32 32 32 32 32 32 32 36 
33 33 33 33 33 33 33 37 19 19 19 19 19 19 19 19 19 19 19 19 19 19 19 19 19 19 19 19 19 19 19 19 19 19 19 19 19 19 19 19 19 19 19 19 19 32 32 19 32 32 32 32 19 19 19 19 19 19 19 19 19 32 32 32 32 32 32 32 32 32 32 32 32 32 32 32 19 19 19 19 19 19 19 32 32 32 32 32 32 32 32 32 32 32 32 32 32 32 32 36 
33 33 33 33 33 33 33 37 19 19 32 32 32 19 19 19 19 19 19 19 19 19 19 19 19 19 19 19 19 19 19 19 19 32 32 32 32 19 19 19 19 19 19 19 19 32 32 19 32 32 32 32 32 19 19 19 19 19 19 19 19 32 32 32 32 32 32 32 32 32 32 32 32 32 32 19 19 18 19 19 19 32 32 32 32 32 32 32 32 32 32 32 32 32 32 32 32 32 32 36 
33 33 33 33 33 33 33 37 19 32 32 32 32 32 19 19 19 19 19 19 19 32 19 19 19 19 19 19 19 19 19 19 19 32 32 32 32 32 19 19 19 19 19 19 19 19 32 19 32 32 32 32 32 19 19 19 19 19 19 19 19 19 32 32 32 32 32 32 32 32 32 32 32 32 19 19 19 19 19 19 32 32 32 32 32 32 32 32 32 32 32 32 32 32 32 32 32 32 32 36 
33 33 33 33 33 33 33 37 19 32 32 32 32 32 32 19 19 19 19 19 19 32 32 19 19 19 19 19 19 19 19 19 19 32 32 32 32 32 32 19 19 19 19 19 19 19 32 19 32 32 32 32 32 19 19 19 19 19 19 19 19 32 32 32 32 32 32 32 32 32 32 32 32 19 19 19 19 19 32 32 32 32 32 32 32 32 32 32 32 32 32 32 32 32 32 32 32 32 32 36 
35 35 35 35 35 35 35 39 32 32 32 32 32 32 32 19 19 19 19 19 19 32 32 32 19 19 19 19 19 19 19 19 19 19 32 32 32 32 32 19 19 19 19 19 19 19 19 19 19 32 32 32 19 19 19 19 19 19 19 19 19 32 32 32 32 32 32 32 32 32 32 32 32 19 19 19 19 32 32 32 32 32 32 32 32 32 32 32 32 32 32 32 32 32 32 32 32 32 32 36 
32 32 32 32 32 32 32 32 32 32 19 19 32 32 32 19 19 19 19 19 19 32 32 32 32 19 19 19 19 19 19 19 19 19 32 32 32 32 32 32 19 19 19 19 19 19 19 19 19 19 19 19 18 19 19 19 18 19 19 19 32 32 32 32 32 32 32 32 32 32 32 32 32 19 19 19 32 32 32 32 32 32 32 32 32 32 32 32 32 32 32 32 32 32 32 32 32 32 32 36 
32 32 19 19 32 32 32 32 32 19 19 19 19 19 32 19 19 19 19 19 19 32 32 32 32 19 19 19 19 19 19 19 19 19 32 32 32 32 32 32 19 19 19 19 19 19 19 19 19 19 19 19 18 19 19 19 19 19 19 19 32 32 32 32 32 32 32 32 32 32 32 32 32 19 19 19 32 32 32 32 32 32 32 32 32 32 32 32 32 32 32 32 32 32 32 32 32 32 32 36 
32 32 32 19 32 32 32 19 19 19 19 19 19 19 19 19 19 19 19 19 19 19 32 32 32 19 19 19 19 19 19 19 19 19 19 32 32 32 32 32 19 19 19 19 19 19 19 19 19 19 19 19 19 19 19 19 19 19 19 32 32 32 32 32 32 32 32 32 32 32 32 32 19 19 19 19 32 32 32 32 32 32 32 32 32 32 32 32 19 19 19 19 19 19 32 32 32 32 32 36 
32 32 32 19 32 32 19 19 19 19 19 19 19 19 19 19 19 18 19 19 19 19 19 32 32 19 19 19 19 19 19 19 19 19 19 19 32 32 32 32 19 19 19 19 19 19 19 19 19 19 19 19 19 19 19 19 19 19 19 32 32 32 32 32 32 32 32 32 32 32 32 32 19 19 19 19 19 32 32 32 32 32 32 32 32 32 32 19 19 19 19 19 19 19 32 32 32 32 32 36 
32 32 32 19 32 19 19 19 19 19 19 19 19 19 19 19 19 19 19 19 19 19 19 19 19 19 19 19 19 19 19 19 19 19 19 19 19 32 32 32 19 19 18 19 19 19 19 19 19 19 19 19 19 19 19 19 19 19 19 32 32 32 32 32 32 32 32 32 32 32 32 32 19 19 19 19 32 32 32 32 32 32 32 32 32 32 32 19 19 19 19 18 19 19 32 32 32 32 32 36 
32 32 32 19 32 19 19 19 19 19 19 19 19 19 19 19 19 19 19 19 19 19 19 19 19 19 19 19 19 19 19 19 19 19 19 19 19 19 32 32 19 19 19 19 19 19 19 19 19 19 19 19 19 19 19 19 19 19 19 19 32 32 32 32 32 32 32 32 32 32 32 32 19 19 19 19 32 32 32 32 32 32 32 32 32 32 32 19 19 19 19 18 19 19 32 32 32 32 32 36 
32 32 32 19 19 19 19 19 19 19 19 19 19 19 19 19 19 19 19 19 19 40 41 42 19 19 19 19 40 41 42 19 19 19 19 19 19 19 19 19 19 19 19 19 19 19 19 18 19 19 19 19 19 19 19 19 19 19 19 19 32 32 32 32 19 19 32 32 32 32 32 32 19 19 19 19 32 32 32 32 32 32 32 32 32 32 32 19 32 32 19 19 19 19 32 32 32 32 32 36 
32 32 32 19 19 19 19 19 19 19 19 19 19 19 19 19 19 19 19 40 41 44 33 43 41 41 41 41 44 33 43 42 19 19 19 19 19 19 19 19 19 19 19 19 19 19 19 18 19 19 19 19 19 19 19 19 19 19 19 19 32 32 32 19 19 19 32 32 32 32 32 32 32 19 19 19 19 32 32 32 32 32 32 32 19 19 19 19 32 32 32 32 19 19 19 32 32 32 32 36 
32 32 19 19 19 19 19 19 19 19 19 19 19 19 40 41 41 41 41 44 33 33 33 33 33 33 33 33 33 33 33 43 41 41 41 42 19 19 19 19 19 19 19 19 19 19 19 19 19 19 19 19 19 18 19 19 19 19 19 32 32 32 19 19 19 19 19 19 32 32 32 32 32 18 19 19 19 32 32 32 19 19 19 19 19 32 32 32 32 32 32 32 19 19 19 19 19 32 32 36 
32 19 19 19 19 18 19 19 19 19 19 19 19 19 36 33 33 33 33 33 33 33 33 33 33 33 33 33 33 33 33 33 33 33 33 37 19 19 19 19 19 19 19 19 19 19 19 19 19 19 19 19 19 19 19 19 19 19 19 19 19 19 19 19 18 19 19 19 32 32 32 19 19 19 19 19 19 19 19 19 19 32 32 32 32 32 32 32 32 32 32 32 32 32 19 19 19 32 32 36 
19 19 19 19 19 19 19 19 19 19 19 19 19 40 44 33 33 33 34 33 33 33 33 33 33 33 33 33 33 33 33 33 33 33 33 37 19 19 19 19 19 19 19 19 19 19 19 19 19 19 19 19 19 19 19 19 19 32 32 32 32 19 19 19 19 19 19 19 19 32 32 19 19 19 19 19 19 19 19 32 32 32 32 32 32 32 32 32 32 32 32 32 32 32 32 19 19 32 32 36 
19 19 19 19 19 19 19 19 19 19 19 19 19 38 46 33 33 33 33 33 33 33 33 33 33 33 33 33 33 34 33 33 33 33 33 43 42 19 19 19 19 19 19 19 19 18 19 19 19 19 19 19 19 19 19 32 32 32 32 32 32 19 19 19 19 19 19 19 19 19 19 19 19 19 19 19 32 32 32 32 32 32 32 32 32 32 32 32 32 32 32 32 32 32 32 19 19 32 32 36 
32 19 19 19 19 19 19 19 19 19 19 19 19 19 36 33 33 33 33 33 33 33 33 33 33 33 33 33 33 33 33 33 33 33 33 33 43 42 19 19 19 19 19 19 19 19 19 19 19 19 19 19 19 19 32 32 32 32 32 19 19 19 19 19 40 41 42 19 32 32 19 19 19 19 19 19 19 32 32 32 32 32 32 32 32 32 32 32 32 32 32 32 32 32 19 19 19 32 32 36 
32 32 19 19 19 19 19 19 19 19 19 19 19 19 36 33 33 33 33 33 33 33 33 34 33 33 33 33 33 33 33 33 33 33 33 33 45 39 19 19 19 19 19 19 19 19 19 19 19 19 19 19 19 32 32 32 32 32 19 19 19 19 40 41 44 45 39 32 32 32 19 19 19 19 32 32 32 32 32 32 32 32 32 32 32 32 32 32 32 32 32 32 19 19 19 32 32 32 32 36 
32 32 32 19 19 19 19 19 19 19 19 19 19 19 36 33 33 33 33 33 33 33 33 33 33 33 33 33 33 33 33 33 33 33 45 35 39 19 19 19 19 19 19 19 19 32 32 19 19 19 19 19 32 32 32 32 32 32 19 19 19 40 44 33 33 37 19 32 32 32 19 19 19 32 32 32 32 32 32 32 32 32 32 32 32 32 32 32 32 32 32 19 19 32 32 32 32 32 32 36 
32 32 32 32 19 19 19 19 19 19 18 19 19 19 36 33 33 33 33 33 33 33 33 33 33 33 33 33 33 33 33 33 33 45 39 19 19 19 19 19 19 19 19 19 19 32 32 32 19 19 19 32 32 32 32 32 32 19 19 19 40 44 33 45 35 39 19 32 32 32 19 19 19 32 32 32 32 32 32 32 32 32 32 32 32 32 32 32 32 32 19 19 19 32 32 32 32 32 32 36 
32 32 32 32 19 19 19 19 19 19 19 19 19 19 38 35 35 46 33 33 33 33 33 33 33 33 33 33 33 33 33 33 33 37 19 19 19 19 19 19 19 19 19 19 32 32 32 32 32 32 32 32 32 32 32 32 32 32 19 19 38 35 35 39 19 32 32 32 32 32 19 19 32 32 32 32 32 32 32 32 32 32 32 32 32 32 32 32 32 32 19 19 19 32 32 32 32 32 32 36 
32 32 32 32 32 19 19 19 19 19 19 19 19 19 19 19 19 38 35 35 35 35 35 35 35 33 33 33 33 33 33 45 35 39 19 19 19 19 19 19 19 19 19 19 19 19 19 32 32 32 32 32 32 32 32 32 32 32 32 32 19 19 19 32 32 32 32 32 32 32 19 19 32 32 32 40 41 41 41 41 41 41 41 41 41 41 41 41 41 61 56 56 62 41 41 41 41 41 41 44 
32 32 32 32 32 19 19 19 19 19 19 19 19 19 19 19 19 19 19 19 19 19 19 19 19 38 33 33 45 35 35 39 19 19 19 19 19 19 19 19 19 19 19 19 19 19 19 19 32 32 32 32 32 32 32 32 19 32 32 32 32 32 32 32 32 32 32 32 19 19 19 32 32 32 32 36 33 33 33 33 33 33 33 33 33 33 33 33 33 60 56 56 59 33 33 33 33 33 33 33 
32 32 32 32 32 32 32 19 19 19 19 19 19 19 19 19 19 19 19 19 19 32 32 32 32 19 36 33 37 19 19 19 19 19 19 19 19 19 19 19 19 72 67 69 68 73 19 19 19 32 32 32 32 32 32 19 19 19 19 32 32 32 32 32 32 19 19 19 19 19 19 32 32 32 32 36 33 33 33 34 33 33 33 33 33 33 33 33 33 60 56 56 59 33 33 33 33 33 33 33 
32 32 32 32 32 32 32 32 32 19 19 19 19 19 19 19 19 19 19 19 19 19 32 32 32 19 36 33 37 19 19 19 19 19 19 19 19 19 19 19 19 70 66 64 65 71 19 19 19 19 32 32 32 32 19 19 19 19 19 19 19 19 19 19 18 18 19 19 19 19 32 32 32 32 32 36 33 33 33 34 33 33 33 33 33 33 33 33 33 60 56 56 59 33 33 33 34 33 33 33 
32 32 32 32 32 19 32 32 32 19 19 19 19 19 19 19 19 19 19 19 19 19 19 32 32 19 36 45 39 19 19 19 19 19 19 19 32 19 19 19 19 19 19 19 19 19 19 19 19 19 32 32 32 32 19 19 19 19 19 19 19 19 19 19 19 19 19 19 19 32 32 32 32 32 32 36 33 33 33 33 33 33 33 33 33 33 33 33 33 60 56 56 59 33 33 33 33 33 33 33 
32 32 19 19 83 84 82 19 32 32 19 19 19 19 19 19 18 19 19 19 19 19 19 19 19 40 44 37 19 19 19 19 19 19 19 19 32 32 32 19 19 19 19 19 19 19 19 19 32 32 32 32 32 32 19 19 19 32 19 19 19 19 19 19 19 19 19 19 19 32 32 32 32 32 32 36 33 33 33 33 33 33 33 33 33 33 33 33 33 60 56 56 59 33 33 33 33 33 33 33 
32 32 19 19 80 81 79 19 32 32 32 19 19 19 19 19 19 19 19 19 19 19 19 19 19 36 34 37 19 19 19 32 19 19 19 19 32 32 32 32 19 19 19 19 19 32 32 32 32 32 32 32 32 32 19 19 19 32 32 19 32 32 32 32 19 19 32 19 32 32 32 32 32 32 32 36 33 33 33 33 33 33 33 33 33 34 45 35 35 57 56 56 58 35 46 33 33 33 33 33 
32 32 32 19 78 76 77 19 32 32 32 32 19 19 19 19 19 19 19 19 19 19 19 19 19 36 33 39 19 19 32 32 19 19 19 19 19 32 32 32 32 32 32 32 32 32 32 32 32 32 32 19 19 19 19 19 32 32 32 32 32 32 32 32 32 32 32 19 32 32 32 32 19 32 32 36 33 33 33 33 33 33 33 33 33 33 37 19 19 19 19 19 19 19 36 33 33 33 33 33 
32 32 32 19 19 19 19 19 19 19 19 19 19 19 19 19 19 19 19 19 19 19 19 19 40 44 39 19 19 19 32 32 19 19 19 19 19 32 32 32 32 32 32 32 32 32 32 32 32 19 19 19 19 19 19 32 32 32 32 32 32 32 32 32 32 32 32 19 32 32 32 19 19 32 32 36 33 33 33 33 33 33 33 33 33 33 37 19 19 19 19 19 19 19 38 35 33 33 33 33 
32 32 32 32 32 32 32 32 32 32 32 32 32 32 32 32 19 19 19 19 19 19 40 41 44 39 19 19 32 32 32 19 19 19 19 19 19 19 32 32 32 32 32 32 32 32 32 19 19 19 18 19 32 32 32 32 32 32 32 32 32 32 32 32 32 32 32 19 32 19 19 32 32 32 32 36 33 33 33 33 45 35 35 35 35 35 39 19 19 19 19 18 19 19 19 19 38 35 35 35 
32 32 32 32 32 32 32 32 32 32 32 32 32 32 32 19 19 19 19 19 19 40 44 33 39 19 19 19 19 19 19 19 19 19 19 19 19 19 32 32 32 32 32 32 32 19 19 19 19 19 19 19 32 32 32 32 32 32 32 32 32 32 32 32 32 32 32 19 19 19 32 32 32 32 32 36 33 33 33 33 39 19 83 84 82 19 19 19 19 19 19 19 19 19 19 19 19 19 19 19 
41 41 41 41 41 41 41 41 41 41 41 41 41 41 41 41 41 41 41 41 41 44 33 33 41 41 41 41 41 41 41 41 41 41 41 41 41 41 41 41 41 41 41 41 41 41 41 41 41 41 41 41 41 41 41 41 41 42 32 32 32 32 32 32 32 32 32 32 32 32 32 32 32 32 40 44 33 34 33 37 19 19 80 137 79 19 19 19 19 19 19 19 19 19 19 19 19 19 19 32 
33 33 33 33 33 33 33 33 33 33 33 33 33 33 33 33 33 33 33 33 33 33 33 33 33 33 33 33 33 33 33 33 33 33 33 33 33 33 33 33 33 33 33 33 33 33 33 33 33 33 33 33 33 33 33 33 33 43 41 41 41 41 41 41 41 41 41 41 41 41 41 41 41 41 44 33 33 33 33 37 19 19 78 76 77 19 19 19 19 19 19 19 19 19 19 19 19 32 32 32 
33 33 33 33 33 34 33 33 33 33 33 33 33 33 33 33 33 33 33 33 33 33 33 33 33 33 33 33 33 33 33 33 33 33 33 33 33 33 33 33 33 33 33 33 33 33 33 33 33 33 33 33 33 33 33 33 33 33 33 33 33 33 33 33 33 33 33 33 33 33 33 33 33 33 33 33 33 33 33 37 19 19 19 19 19 19 19 19 18 19 19 19 19 19 19 19 32 32 32 32 
33 33 33 33 33 33 33 33 33 33 33 33 33 34 33 33 33 33 33 33 33 33 33 33 33 34 33 33 33 33 33 33 33 33 33 33 33 33 33 33 33 33 33 33 33 34 33 33 33 33 33 33 33 33 33 33 33 33 33 33 33 33 33 33 34 33 33 33 33 33 33 33 33 33 33 33 33 33 33 37 19 19 19 19 19 19 19 19 19 19 19 19 19 19 19 32 32 32 32 32 
