33 33 33 33 33 33 33 33 33 33 33 33 33 33 33 33 33 33 33 33 33 33 33 33 33 33 33 33 33 33 33 33 33 33 33 33 33 33 33 33 33 33 33 33 33 33 33 33 60 56 59 33 33 33 33 33 33 33 33 33 33 33 33 33 33 33 33 33 33 33 33 33 33 33 33 33 33 33 33 33 33 33 33 33 33 33 33 33 33 33 33 33 33 33 33 33 33 33 33 33 
33 33 33 33 33 33 33 33 33 33 33 33 33 33 33 33 33 33 33 33 33 33 33 33 33 33 33 33 33 33 33 33 33 33 33 33 33 33 33 34 33 33 33 33 33 33 33 33 60 56 59 33 33 33 33 33 33 33 33 33 33 33 33 33 33 33 33 33 33 33 33 33 33 34 33 33 33 33 33 33 33 33 33 33 33 33 33 33 33 33 33 33 33 33 33 33 33 33 33 33 
33 33 33 33 33 33 33 33 33 33 33 33 33 34 33 33 33 33 33 33 33 33 33 33 33 33 33 33 33 33 33 33 33 33 33 33 33 33 33 33 33 33 33 33 33 33 33 33 60 56 59 33 33 33 33 33 33 34 33 33 33 33 33 33 33 33 33 33 33 33 33 33 33 33 33 33 33 33 33 33 33 33 33 33 33 33 33 33 33 33 33 33 34 33 33 33 33 33 34 33 
33 33 33 45 35 35 35 35 35 35 35 35 35 35 35 35 35 35 35 35 35 35 35 35 35 35 35 35 35 35 35 35 46 45 35 35 35 35 35 35 35 35 35 35 35 35 35 35 57 56 58 35 35 35 35 35 35 35 35 35 35 35 35 35 35 35 35 35 35 35 35 35 35 35 35 35 35 35 35 35 35 35 35 35 35 35 35 35 35 35 35 35 33 33 33 35 46 33 33 33 
33 33 33 37 19 19 19 19 19 19 19 19 19 19 19 19 19 19 19 19 19 19 19 19 19 19 19 19 19 19 19 19 36 37 19 19 19 19 32 32 32 32 32 32 32 19 19 19 19 19 19 19 19 19 19 19 19 19 19 19 19 19 19 19 19 19 19 19 32 32 32 32 32 32 32 32 19 19 19 19 19 19 19 19 19 19 19 19 19 19 19 19 36 33 37 19 38 46 33 33 
33 33 33 37 19 19 19 32 32 32 32 32 32 32 32 32 32 32 32 32 32 19 19 19 19 19 19 19 19 19 19 19 36 37 19 19 19 19 32 19 32 32 32 32 32 19 19 19 19 19 19 19 19 19 19 19 19 18 19 19 19 18 19 19 19 19 19 32 32 32 32 32 32 32 32 32 32 19 19 19 19 19 19 19 19 32 32 19 19 19 19 19 36 45 39 19 19 38 33 33 
33 33 34 37 19 32 32 32 32 32 32 32 32 32 32 32 32 19 19 19 19 19 19 19 19 19 32 19 19 19 19 19 36 37 19 19 19 19 32 32 32 32 32 32 19 19 19 19 19 19 19 19 19 19 19 19 19 19 19 19 19 19 19 19 19 32 32 32 32 32 32 32 32 32 32 32 32 19 19 19 19 19 19 32 32 32 32 32 32 19 19 40 44 39 19 19 19 19 36 33 
33 33 33 37 19 32 32 32 32 32 32 19 19 32 32 32 19 19 19 19 19 19 19 18 19 19 32 32 19 19 19 19 36 37 19 19 19 19 19 32 32 32 32 32 32 19 19 19 19 19 19 19 19 19 19 19 19 19 19 32 32 19 19 19 19 32 32 32 32 32 32 32 32 32 32 32 32 32 19 19 18 19 32 32 32 32 19 19 19 19 19 36 37 19 19 19 19 19 36 33 
33 33 33 37 19 32 32 32 32 32 19 19 19 19 19 19 19 19 19 19 32 32 19 19 19 19 32 32 19 19 19 19 38 33 42 19 19 19 19 19 19 32 32 32 32 19 19 19 19 19 19 19 19 19 19 19 19 19 32 32 32 19 19 19 32 32 32 32 32 32 19 83 84 82 19 19 32 32 19 19 19 32 32 32 19 19 19 19 19 19 40 33 37 19 19 19 19 19 36 33 
33 33 33 37 19 32 32 32 32 19 19 72 67 69 68 73 19 19 32 32 32 32 19 19 19 19 32 32 32 19 19 19 19 38 33 42 19 18 19 19 19 19 32 32 19 19 19 19 19 19 19 19 19 19 19 19 19 19 32 32 32 19 19 19 32 32 32 32 32 19 19 80 81 79 19 19 19 19 19 19 19 32 32 32 19 19 19 19 40 41 44 33 37 19 19 19 19 19 36 33 
33 33 33 37 19 19 19 32 32 19 19 70 66 64 65 71 19 19 32 32 19 19 19 19 19 19 32 32 32 19 18 19 19 19 36 37 19 19 19 19 19 19 19 32 19 19 19 19 19 19 19 19 18 12 11 11 11 13 32 32 32 19 19 19 19 32 32 32 19 19 19 78 76 77 19 19 19 19 19 19 19 19 32 32 19 19 40 41 44 33 33 33 37 19 19 19 19 19 36 33 
33 33 33 37 19 19 19 19 19 19 19 19 19 19 19 19 19 19 32 32 32 32 19 32 19 19 32 32 32 19 19 19 19 19 36 37 19 19 19 19 19 19 19 32 19 12 11 11 11 11 11 11 11 171 6 6 6 10 32 32 32 19 19 19 19 32 32 32 19 19 19 19 15 19 19 19 19 19 19 19 19 19 19 19 19 19 36 33 33 33 33 33 37 19 19 19 19 19 36 33 
33 33 33 37 19 19 19 19 19 19 19 19 19 19 19 19 19 19 19 32 32 32 32 32 19 19 32 32 32 19 19 19 19 19 36 37 19 19 19 19 19 19 19 19 19 5 6 6 6 6 6 6 6 6 6 8 6 10 32 32 32 32 19 19 19 32 32 32 19 19 19 19 15 19 19 19 19 19 19 19 19 19 19 19 19 19 36 33 33 33 33 33 43 42 19 19 19 19 36 33 
33 33 33 37 19 19 32 32 32 32 32 19 19 19 19 19 19 19 19 19 32 32 32 19 19 19 32 32 32 19 19 19 19 19 38 43 42 19 19 19 19 19 19 19 19 5 6 8 6 6 6 1 6 7 6 6 6 10 32 32 32 32 19 19 19 32 32 32 19 19 19 19 15 19 19 19 19 19 19 19 19 19 19 19 19 19 36 33 33 34 33 33 33 37 19 19 19 19 36 33 
33 33 33 37 19 19 32 32 32 32 32 32 19 19 19 19 19 19 19 19 32 32 32 19 19 19 32 32 32 19 19 19 19 19 19 36 37 19 19 19 32 19 32 19 19 5 6 6 6 6 6 6 6 6 6 6 6 10 19 32 32 32 32 19 19 19 32 19 19 19 19 19 15 19 19 19 19 19 19 19 19 19 19 19 19 19 36 33 33 33 33 33 33 37 19 19 19 19 36 33 
33 33 33 37 19 19 32 32 32 32 19 19 19 19 19 19 19 19 19 32 32 32 19 19 19 19 32 32 32 32 19 19 19 19 19 38 43 42 19 19 32 19 32 19 19 5 6 6 6 6 6 6 6 8 6 6 6 10 19 19 32 32 32 19 19 19 19 19 19 19 19 19 15 19 19 19 19 19 19 19 19 19 19 19 19 19 38 35 35 35 35 35 35 39 19 18 19 19 36 33 
33 33 33 37 19 19 32 32 32 19 19 19 19 18 19 19 19 19 19 32 32 32 19 19 19 32 32 32 32 32 19 19 19 19 32 19 36 37 19 19 32 32 32 32 19 5 6 6 6 8 6 6 6 6 6 6 6 172 13 19 19 32 32 32 32 19 19 19 160 159 159 159 164 19 19 19 19 19 19 19 19 32 32 32 19 19 19 19 19 19 19 19 19 19 19 19 19 19 36 33 
33 33 33 37 19 32 32 19 19 19 19 19 19 19 19 19 19 19 19 32 32 19 19 19 19 32 32 32 32 19 19 19 19 32 32 19 36 37 19 19 32 32 32 32 19 5 6 7 6 6 6 6 6 6 6 6 6 6 172 13 19 32 32 32 32 19 19 19 15 19 19 19 19 19 19 19 19 19 19 32 32 32 32 19 19 19 19 19 32 32 32 32 32 32 19 19 19 19 36 33 
33 33 33 37 19 32 32 19 19 19 19 32 32 32 32 32 32 19 19 19 19 19 19 19 19 32 32 19 32 19 19 19 32 32 19 19 36 37 19 19 19 32 32 32 19 3 174 6 6 1 6 6 6 6 6 6 6 6 6 172 13 19 32 32 32 19 19 19 15 18 19 19 19 19 32 32 32 32 32 32 32 32 19 19 19 19 32 32 32 32 32 32 32 32 19 19 19 19 36 33 
33 33 34 37 19 19 19 18 19 19 19 32 32 32 32 32 32 19 19 19 19 19 19 19 32 32 32 19 19 19 19 32 32 19 19 19 36 37 19 19 19 32 32 32 32 19 3 174 6 6 6 6 6 6 6 6 6 6 7 6 172 13 19 32 32 32 19 19 15 19 19 19 19 32 32 32 32 32 32 32 19 19 19 19 19 19 32 32 32 32 32 32 32 32 19 19 19 19 36 33 
33 33 33 37 19 19 19 19 19 19 19 19 19 32 32 32 32 32 19 19 19 19 19 19 32 32 32 19 19 19 19 32 32 19 19 40 44 37 19 19 32 32 32 32 32 32 19 3 2 174 6 6 6 6 6 6 6 6 6 6 6 172 13 19 19 19 19 19 15 19 19 19 19 32 19 32 32 32 32 32 32 32 19 19 19 19 32 32 32 32 32 32 32 32 19 19 19 19 36 33 
33 33 33 37 19 19 19 32 32 19 19 19 19 19 32 32 32 32 19 19 18 19 19 19 32 32 32 19 19 19 32 32 32 19 19 36 33 37 19 19 32 32 32 32 32 32 19 19 19 5 6 6 7 6 6 8 6 6 6 6 6 6 172 13 19 19 19 19 15 19 19 19 32 32 19 32 32 19 19 19 19 19 19 19 19 19 19 32 32 32 32 32 32 32 19 19 19 19 36 33 
33 33 33 37 19 19 19 32 32 32 32 32 19 18 32 32 32 32 32 19 19 19 19 19 19 32 19 19 19 32 32 32 32 19 19 36 33 37 19 19 19 32 32 32 32 32 19 19 19 5 6 6 6 6 6 6 6 6 6 6 6 6 6 10 19 19 19 19 15 19 19 19 32 32 19 32 19 19 19 19 19 19 19 18 19 19 19 19 32 32 32 32 32 32 19 19 19 19 36 33 
33 33 33 37 19 19 19 32 32 32 32 32 19 19 19 19 19 32 32 19 19 19 19 19 19 19 19 19 19 32 32 32 19 19 19 36 33 37 19 19 19 19 32 32 32 32 19 19 19 5 6 6 6 6 6 6 6 6 6 6 6 6 6 10 19 19 19 19 15 19 19 19 19 19 19 32 19 19 19 19 19 19 19 19 19 19 19 19 32 32 32 32 32 32 19 19 19 19 36 33 
33 33 33 37 19 19 19 32 32 19 19 19 19 19 19 19 19 32 32 32 19 19 19 19 19 19 32 32 32 32 32 32 32 19 19 36 33 43 41 42 19 19 32 32 32 32 19 19 19 5 6 6 6 6 6 6 6 6 6 6 8 6 6 10 19 18 19 19 15 19 19 19 19 19 19 19 19 19 19 19 19 19 19 19 19 19 19 19 32 32 32 32 32 32 19 19 19 19 36 33 
33 33 33 37 19 19 19 19 32 32 32 32 19 19 19 19 19 19 19 19 19 19 19 19 32 19 32 32 32 32 32 19 19 19 19 36 33 34 33 37 19 19 19 32 32 19 19 19 19 5 6 6 6 6 6 1 6 6 6 6 6 6 6 10 19 19 19 19 15 19 19 19 19 19 19 19 19 19 19 19 19 19 19 19 19 19 19 32 32 32 32 32 32 32 19 19 19 19 36 33 
33 33 33 37 19 19 19 19 32 32 32 32 32 19 19 19 19 19 19 19 19 19 19 32 32 19 32 32 32 19 19 19 19 19 40 44 33 33 33 43 42 19 19 32 32 19 19 19 19 5 6 6 8 6 6 6 6 6 6 6 6 6 6 10 19 19 19 19 15 19 19 19 19 19 19 19 19 19 19 19 19 19 19 19 19 19 19 32 32 32 32 32 32 19 19 19 19 19 36 33 
33 33 33 37 19 19 19 19 19 19 32 32 32 32 32 19 18 19 19 19 32 32 32 32 32 32 32 32 19 19 19 19 19 40 33 33 33 33 33 33 37 19 19 19 32 19 19 19 19 5 6 6 6 6 6 6 8 6 6 6 6 6 173 4 19 32 19 19 15 19 19 19 19 19 19 19 19 19 19 19 19 19 19 19 19 19 19 19 32 32 32 32 19 19 19 19 19 19 36 34 
33 33 33 43 42 19 19 19 19 19 19 32 32 32 32 19 18 19 19 32 32 32 32 32 32 32 19 19 19 19 19 19 19 36 33 33 33 33 33 33 37 19 19 19 32 19 19 19 19 5 6 7 6 6 6 6 6 6 6 6 8 173 4 19 32 32 32 19 15 19 19 19 18 19 128 123 125 124 129 19 19 72 67 69 68 73 19 19 32 32 32 32 19 18 19 19 19 19 36 33 
33 33 33 33 43 41 41 42 19 19 19 19 19 32 32 19 19 19 32 32 32 32 32 32 19 19 19 19 19 19 19 19 19 36 33 34 33 33 33 33 37 19 19 19 19 19 19 19 19 3 2 2 2 2 2 2 2 2 2 2 2 4 19 32 32 32 32 19 15 19 19 19 19 19 126 122 120 121 127 19 19 70 66 64 65 71 19 32 32 32 32 19 19 19 19 19 19 19 36 33 
33 33 33 33 33 33 33 37 19 19 19 19 19 19 19 19 19 19 32 32 32 32 19 19 19 19 19 19 19 19 19 19 19 38 33 33 33 33 33 33 39 19 19 19 19 19 19 19 19 19 19 19 19 19 19 19 19 19 19 19 19 19 32 32 32 32 32 19 15 19 19 19 19 19 19 19 15 19 19 19 19 19 19 15 19 19 32 32 32 19 19 19 19 19 19 19 19 19 36 33 
33 33 33 33 33 33 33 43 41 41 42 19 19 19 19 19 19 19 19 19 19 32 19 19 19 19 19 19 19 19 19 19 19 19 38 35 35 35 35 39 19 19 19 19 19 19 19 19 19 19 19 19 19 19 19 19 32 32 32 32 32 32 32 32 32 32 19 19 163 168 159 159 159 159 159 159 165 159 159 159 159 159 159 164 19 32 32 32 32 19 19 19 19 19 32 32 32 19 36 33 
33 33 33 33 33 33 33 33 33 51 131 133 133 130 19 19 19 32 32 32 19 19 19 19 19 19 19 19 19 19 19 19 19 19 19 19 19 19 19 19 19 19 19 19 19 19 19 19 19 19 19 19 19 19 19 32 32 32 32 32 32 32 32 32 32 19 19 19 19 15 19 19 19 19 19 19 19 19 19 19 19 19 19 19 19 32 32 32 19 19 19 19 19 19 32 32 32 19 36 33 
33 33 33 33 33 33 33 33 33 28 20 20 20 134 130 19 19 32 32 32 32 19 19 19 19 18 19 19 19 19 19 19 19 19 19 19 19 19 19 19 19 160 159 159 159 159 159 162 19 19 19 19 19 19 19 19 32 32 32 32 32 32 32 19 19 19 19 19 19 15 19 19 19 19 19 19 19 19 19 19 19 19 19 19 19 19 19 19 19 19 19 19 32 32 32 32 32 19 36 33 
33 33 33 33 33 34 33 33 33 28 20 20 20 20 134 130 19 19 32 32 32 32 19 19 19 19 19 19 19 19 19 19 19 19 72 67 69 68 73 19 19 15 19 19 19 19 19 15 19 19 19 18 19 19 19 19 19 19 19 19 19 19 19 19 160 159 159 159 159 164 19 19 19 19 19 19 19 19 19 19 19 19 19 19 19 19 19 19 19 19 32 32 32 32 32 19 19 19 36 33 
33 33 33 33 33 33 33 33 33 28 20 20 20 20 20 134 133 130 19 19 19 19 19 19 19 19 19 19 19 19 19 19 19 19 70 66 64 65 71 19 19 15 19 19 32 19 19 15 19 19 19 19 19 19 19 19 19 19 19 19 19 19 19 19 15 19 19 19 19 19 19 32 32 32 32 32 32 32 19 19 19 19 19 19 19 19 19 19 19 19 32 32 32 32 19 19 19 19 36 33 
33 33 33 33 33 33 33 33 51 53 20 20 20 20 20 20 20 134 133 133 130 19 19 19 19 19 19 19 19 19 19 19 19 19 19 19 163 159 159 159 159 164 19 32 32 19 19 15 19 19 19 19 19 19 19 19 19 19 19 19 19 19 19 19 15 19 19 19 32 32 32 32 32 32 32 32 32 32 32 32 19 19 19 19 19 19 19 18 19 19 32 19 19 19 19 19 19 19 36 33 
33 33 33 33 33 33 33 51 53 20 20 20 20 20 20 20 20 20 20 20 24 19 19 19 19 19 19 19 19 19 19 19 19 19 19 19 19 19 19 19 19 19 32 32 32 19 19 15 19 19 19 19 19 19 19 19 19 19 19 19 19 19 19 19 15 19 19 32 32 32 32 32 32 32 32 32 32 32 32 32 19 19 19 19 19 19 19 19 19 19 19 19 19 19 19 19 19 40 44 33 
33 33 33 33 33 33 33 28 20 20 20 20 20 20 20 20 20 20 20 20 24 19 19 19 19 18 19 19 19 19 19 19 19 19 19 19 19 19 19 19 19 32 32 32 32 19 19 166 159 159 159 159 159 159 159 159 159 159 159 159 159 159 159 159 167 19 19 32 32 19 19 19 19 19 19 19 19 32 32 32 19 19 19 19 19 19 19 19 19 19 19 19 19 19 19 19 40 44 33 34 
33 33 33 33 33 33 33 28 20 20 20 20 20 20 20 20 20 20 20 20 24 19 19 19 19 19 19 19 19 18 19 19 19 19 19 19 19 19 19 32 32 32 32 32 32 19 19 15 19 19 19 19 19 19 19 19 19 19 19 19 19 19 19 19 15 19 19 32 19 19 19 19 19 19 19 19 19 19 32 32 19 19 19 19 19 19 19 19 19 19 40 41 42 19 19 19 36 33 33 33 
33 33 33 33 33 33 33 28 20 20 20 20 20 20 20 20 20 20 20 20 24 19 19 19 19 19 19 19 19 19 19 19 19 19 19 19 19 19 32 32 32 32 32 32 19 19 19 15 19 19 19 19 19 19 19 19 19 19 19 19 19 19 19 19 15 19 19 19 19 19 19 19 19 19 19 19 19 19 19 19 19 19 19 19 19 19 19 19 40 41 44 33 43 41 41 41 44 33 33 33 
33 34 33 33 33 33 33 28 20 20 20 20 20 20 20 20 20 20 20 20 24 19 19 19 19 19 19 19 19 19 19 19 19 19 19 32 32 32 32 32 32 32 32 19 19 19 19 15 19 19 19 19 19 19 19 19 19 19 19 19 19 19 19 19 15 19 19 19 19 19 19 19 19 19 19 19 19 19 19 19 19 19 19 19 19 19 19 40 44 33 33 45 35 35 35 35 46 33 33 33 
33 33 33 33 33 33 33 49 31 20 20 20 20 20 20 20 20 20 20 20 24 19 19 19 19 19 19 19 19 19 19 19 19 32 32 32 32 32 32 32 32 32 19 19 19 19 19 15 19 19 19 19 19 19 19 32 32 32 32 19 19 19 19 19 15 19 19 19 19 19 19 19 19 32 32 32 19 32 32 32 32 32 19 19 19 19 19 36 33 33 45 39 32 32 32 32 38 46 33 33 
33 33 33 33 33 33 33 33 28 20 20 20 20 20 20 20 20 20 20 20 24 19 19 19 19 19 19 19 19 19 19 32 32 32 32 32 32 32 32 19 19 19 19 19 19 19 19 15 19 19 19 19 19 19 19 32 32 32 19 19 19 19 19 19 15 19 19 19 19 19 19 18 19 19 32 32 32 32 32 32 32 32 19 19 19 40 41 44 33 35 39 32 32 32 32 32 32 36 33 33 
33 33 33 33 33 33 33 33 28 20 20 20 20 20 20 20 20 20 20 20 24 19 19 19 19 19 19 19 19 19 19 19 32 32 32 32 32 32 32 19 19 19 19 19 19 19 19 15 19 19 19 19 19 19 32 32 32 32 19 19 19 19 19 19 15 83 84 82 19 19 19 19 19 19 19 19 19 19 19 19 19 19 19 40 41 44 33 45 39 32 32 32 32 32 32 32 32 38 46 33 
33 33 33 33 33 33 33 33 28 20 20 20 20 20 20 20 20 20 20 20 24 19 19 19 19 19 19 19 19 19 19 19 19 32 32 32 32 32 19 19 19 19 19 19 19 19 19 15 19 19 19 19 19 19 32 32 32 19 19 19 19 19 19 19 15 88 89 90 19 19 19 19 19 19 19 19 19 19 19 19 19 40 41 44 33 33 33 37 32 32 32 32 32 32 32 32 32 32 38 35 
33 33 33 33 33 33 33 33 28 20 20 20 20 20 20 20 20 20 20 20 24 19 19 19 19 19 19 19 19 19 19 19 19 19 32 32 32 32 19 19 19 72 67 69 68 73 19 15 19 19 19 19 19 32 32 32 32 19 19 19 19 19 19 19 15 86 85 87 19 19 19 19 19 19 19 19 40 41 41 41 41 44 33 33 34 45 35 39 32 32 32 32 32 32 32 32 32 32 32 32 
33 33 33 33 33 33 33 33 28 20 20 20 20 20 20 20 20 20 20 20 24 19 19 19 19 19 19 19 19 19 19 19 19 19 32 32 32 32 19 19 19 70 66 64 65 71 19 15 19 19 19 19 19 32 32 32 32 19 19 19 19 19 19 19 3 159 4 19 19 19 19 40 41 41 41 41 44 33 33 33 33 33 45 35 35 39 32 32 32 32 32 32 32 32 32 32 32 32 32 32 
33 33 33 33 33 33 33 33 28 20 20 20 20 20 20 20 20 20 20 20 24 19 19 19 19 19 19 19 19 19 19 19 19 19 19 32 32 32 32 19 19 19 19 15 19 19 19 15 19 19 19 19 32 32 32 32 32 19 19 19 19 19 19 19 19 19 19 19 19 19 19 36 33 33 33 45 35 35 35 35 35 35 39 32 32 32 32 32 32 32 32 32 32 32 32 32 32 32 32 32 
33 33 33 33 33 33 33 33 28 20 20 20 20 20 20 20 20 20 20 20 24 19 19 19 19 19 19 19 18 128 123 125 124 129 19 19 32 32 32 19 19 19 19 163 161 168 161 164 19 19 19 32 32 32 32 32 32 19 19 19 19 19 19 19 40 42 19 40 41 41 41 44 33 33 45 39 32 32 32 32 32 32 32 32 32 32 32 32 32 32 32 32 32 32 32 32 32 32 32 32 
33 33 33 33 33 33 33 33 28 20 20 20 20 20 20 20 20 20 20 20 24 19 19 19 19 19 19 19 19 126 122 120 121 127 19 19 19 19 32 19 19 19 19 19 19 15 19 19 19 19 19 19 32 32 32 19 19 19 19 19 19 19 19 19 36 37 19 36 33 33 33 33 45 35 39 32 32 32 32 32 32 32 32 32 32 32 32 32 32 32 32 32 32 32 32 32 32 32 32 32 
33 33 33 33 33 33 33 33 28 20 20 20 20 20 20 20 20 20 20 20 23 19 19 19 19 19 19 19 19 19 19 15 19 19 19 19 19 19 19 19 19 19 19 19 19 15 19 19 19 19 19 19 32 32 19 19 19 19 19 19 18 19 19 40 44 37 19 36 33 33 34 45 39 32 32 32 32 32 32 32 32 32 32 32 32 32 32 32 32 32 32 32 32 32 32 32 32 32 32 32 
33 33 33 33 33 33 33 33 49 31 20 20 20 20 20 20 20 20 20 24 19 19 19 19 19 19 19 19 19 19 19 15 19 19 19 19 19 19 19 19 19 19 19 19 19 15 19 19 19 19 19 19 19 19 19 19 19 19 19 19 19 19 40 44 33 39 19 38 33 33 33 37 32 32 32 32 32 32 32 32 32 32 32 32 32 32 32 32 32 32 32 32 32 32 32 32 32 32 32 32 
33 33 33 33 33 33 33 33 33 49 31 20 20 20 20 20 20 20 20 23 19 19 19 32 32 32 19 19 19 19 19 15 19 19 19 19 19 19 19 19 19 19 19 19 19 15 18 19 19 19 19 19 19 19 19 19 19 19 19 19 19 40 44 33 37 19 19 19 36 33 33 37 32 32 32 32 32 32 32 32 32 32 32 32 32 32 32 32 32 32 32 32 32 32 32 32 32 32 32 32 
33 33 33 33 33 33 33 33 33 33 28 20 20 20 20 20 20 20 23 19 19 19 32 32 32 32 32 19 19 19 19 163 159 159 159 159 159 159 159 159 159 168 159 159 159 164 19 19 19 19 19 19 19 19 19 19 19 19 19 19 19 36 33 33 37 19 19 19 36 33 33 37 32 32 32 32 32 32 32 32 32 32 32 32 32 32 32 32 32 32 32 32 32 32 32 32 32 32 32 32 
33 33 33 33 33 33 33 33 33 33 28 20 20 20 20 20 20 23 19 19 19 19 32 32 32 32 32 19 19 19 19 19 19 19 19 19 19 19 19 19 19 15 19 19 19 19 19 19 19 19 19 19 19 19 19 19 19 19 19 19 40 44 33 33 37 19 19 19 36 33 45 39 32 32 32 32 32 32 32 32 32 32 32 32 32 32 32 32 32 32 32 32 32 32 32 32 32 32 32 32 
33 33 33 33 33 33 33 33 33 33 28 20 20 20 20 20 23 19 19 19 19 32 32 32 32 32 32 19 19 19 19 19 19 19 19 19 19 19 19 19 19 15 19 19 19 19 19 19 19 19 19 19 19 19 19 19 19 19 19 40 44 33 33 33 43 41 41 41 44 33 37 32 32 32 32 32 32 32 32 32 32 32 32 32 32 32 32 32 32 32 32 32 32 32 32 32 32 32 32 32 
33 33 33 33 33 33 33 33 33 33 28 20 20 20 20 23 19 19 19 19 32 32 32 32 32 32 19 19 19 19 19 19 19 19 19 19 18 19 19 19 19 15 19 19 19 19 19 19 19 19 19 32 32 32 32 19 19 19 19 36 33 33 33 33 33 33 33 33 33 45 39 32 32 32 32 32 32 32 32 32 32 32 32 32 19 32 32 19 19 19 19 19 19 19 19 19 19 19 19 19 
33 33 33 33 33 33 33 33 33 33 28 20 20 20 23 19 19 19 19 32 32 32 32 32 32 32 19 19 19 19 19 19 19 19 19 19 19 19 19 19 19 15 19 19 19 19 19 19 32 32 32 32 32 32 19 19 19 19 19 36 33 33 34 33 33 33 33 33 45 39 32 32 32 32 32 32 32 32 32 32 32 32 32 19 19 19 19 19 19 19 18 19 19 19 19 19 19 32 32 32 
33 33 33 33 33 33 33 33 33 33 28 20 132 23 19 19 19 19 32 32 32 32 32 32 32 19 19 19 19 19 19 19 19 19 19 19 19 19 19 19 19 15 19 19 19 19 19 32 32 32 32 32 32 19 19 19 19 19 19 36 33 33 33 33 33 33 33 45 39 32 32 32 32 32 32 32 32 32 32 32 32 19 19 19 19 19 19 32 32 32 32 32 32 32 32 32 32 32 32 32 
33 33 33 33 33 33 33 33 33 33 135 23 19 19 19 19 19 32 32 32 32 32 32 32 19 19 19 19 19 19 19 19 19 19 19 19 19 19 19 19 19 15 19 19 19 19 32 32 32 32 32 32 19 19 19 19 19 19 19 38 35 35 35 35 35 35 35 39 32 32 32 32 32 32 32 32 32 32 32 32 19 19 19 19 19 19 32 32 32 32 32 32 32 32 32 32 32 32 32 32 
33 33 33 34 33 33 33 33 33 33 136 19 19 19 19 19 32 32 32 32 32 32 32 19 19 19 19 19 19 19 19 19 19 19 19 19 19 19 19 19 19 15 19 19 19 19 32 32 32 32 32 19 19 19 19 19 19 19 19 19 19 19 32 32 32 32 32 32 32 32 32 32 32 32 32 32 32 32 32 19 19 19 19 19 19 32 32 32 32 32 32 32 32 32 32 32 32 32 32 32 
33 33 33 33 33 33 33 45 35 35 39 19 18 19 19 19 19 19 19 19 19 19 19 19 19 19 19 19 18 19 19 19 19 19 19 19 19 19 19 19 19 15 19 19 19 32 32 19 32 32 32 32 19 19 19 18 19 19 19 19 32 32 32 32 32 32 32 32 32 32 32 32 32 32 32 32 32 19 19 19 19 19 19 32 32 32 32 32 32 32 32 32 32 32 32 32 32 32 32 32 
33 33 33 33 33 33 33 37 19 19 19 19 19 19 19 19 19 19 19 19 19 19 19 19 19 19 19 19 19 19 19 19 19 19 19 19 19 19 19 19 19 15 19 19 19 32 32 19 32 32 32 32 19 19 19 19 19 19 19 19 19 32 32 32 32 32 32 32 32 32 32 32 32 32 32 32 19 19 19 19 19 19 19 32 32 32 32 32 32 32 32 32 32 32 32 32 32 32 32 32 
33 33 33 33 33 33 33 37 19 19 32 32 32 19 19 19 19 19 19 19 19 19 19 19 19 19 19 19 19 19 19 19 19 32 32 32 32 19 19 19 19 15 19 19 19 32 32 19 32 32 32 32 32 19 19 19 19 19 19 19 19 32 32 32 32 32 32 32 32 32 32 32 32 32 32 19 19 18 19 19 19 32 32 32 32 32 32 32 32 32 32 32 32 32 32 32 32 32 32 32 
33 33 33 33 33 33 33 37 19 32 32 32 32 32 19 19 19 19 19 19 19 32 19 19 19 19 19 19 19 19 19 19 19 32 32 32 32 32 19 19 19 15 19 19 19 19 32 19 32 32 32 32 32 19 19 19 19 19 19 19 19 19 32 32 32 32 32 32 32 32 32 32 32 32 19 19 19 19 19 19 32 32 32 32 32 32 32 32 32 32 32 32 32 32 32 32 32 32 32 32 
33 33 33 33 33 33 33 37 19 32 32 32 32 32 32 19 19 19 19 19 19 32 32 19 19 19 19 19 19 19 19 19 19 32 32 32 32 32 32 19 19 15 19 19 19 19 32 19 32 32 32 32 32 19 19 19 19 19 19 19 19 32 32 32 32 32 32 32 32 32 32 32 32 19 19 19 19 19 32 32 32 32 32 32 32 32 32 32 32 32 32 32 32 32 32 32 32 32 32 32 
35 35 35 35 35 35 35 39 32 32 32 32 32 32 32 19 19 19 19 19 19 32 32 32 19 19 19 19 19 19 19 19 19 19 32 32 32 32 32 19 19 15 19 19 19 19 19 19 19 32 32 32 19 19 19 19 19 19 19 19 19 32 32 32 32 32 32 32 32 32 32 32 32 19 19 19 19 32 32 32 32 32 32 32 32 32 32 32 32 32 32 32 32 32 32 32 32 32 32 32 
32 32 32 32 32 32 32 32 32 32 19 19 32 32 32 19 19 19 19 19 19 32 32 32 32 19 19 19 19 19 19 19 19 19 32 32 32 32 32 32 19 15 19 19 19 19 19 19 19 19 19 19 18 19 19 19 18 19 19 19 32 32 32 32 32 32 32 32 32 32 32 32 32 19 19 19 32 32 32 32 32 32 32 32 32 32 32 32 32 32 32 32 32 32 32 32 32 32 32 32 
32 32 19 19 32 32 32 32 32 19 19 19 19 19 32 19 19 19 19 19 19 32 32 32 32 19 19 19 19 19 19 19 19 19 32 32 32 32 32 32 19 15 19 19 19 19 19 19 19 19 19 19 12 11 11 11 11 13 19 19 32 32 32 32 32 32 32 32 32 32 32 32 32 19 19 19 32 32 32 32 32 32 32 32 32 32 32 32 32 32 32 32 32 32 32 32 32 32 32 32 
32 32 32 19 32 32 32 19 19 19 19 19 19 19 19 19 19 19 19 19 19 19 32 32 32 19 19 19 19 19 19 19 19 19 19 32 32 32 32 32 19 15 19 19 19 19 19 19 19 19 19 12 171 6 6 6 6 10 19 32 32 32 32 32 32 32 32 32 32 32 32 32 19 19 19 19 32 32 32 32 32 32 32 32 32 32 32 32 19 19 19 19 19 19 32 32 32 32 32 32 
32 32 32 19 32 32 19 19 19 19 19 19 19 19 19 19 19 18 19 19 19 19 19 32 32 19 19 19 19 19 19 19 19 19 19 19 32 32 32 32 19 15 19 19 19 19 12 11 11 11 11 171 6 6 6 6 6 10 19 32 32 32 32 32 32 32 32 32 32 32 32 32 19 19 19 19 19 32 32 32 32 32 32 32 32 32 32 19 19 19 19 19 19 19 32 32 32 32 32 32 
32 32 32 19 32 19 19 19 19 19 19 19 19 19 19 19 19 19 19 19 19 19 19 19 19 19 19 19 19 19 19 19 19 19 19 19 19 32 32 32 19 15 18 19 19 19 63 6 6 6 6 6 6 8 6 6 6 10 19 32 32 32 32 32 32 32 32 32 32 32 32 32 19 19 19 19 32 32 32 32 32 32 32 32 32 32 32 19 19 19 19 18 19 19 32 32 32 32 32 32 
32 32 32 19 32 19 19 19 19 19 19 19 19 19 19 19 19 19 19 19 19 19 19 19 19 19 19 19 19 19 19 19 19 19 19 19 19 19 32 32 19 15 19 19 19 19 63 6 6 6 6 6 6 6 6 6 6 10 19 19 32 32 32 32 32 32 32 32 32 32 32 32 19 19 19 19 32 32 32 32 32 32 32 32 32 32 32 19 19 19 19 18 19 19 32 32 32 32 32 32 
32 32 32 19 19 19 19 19 19 19 19 19 19 19 19 19 19 19 19 19 19 40 41 42 19 19 19 19 40 41 42 19 19 19 19 19 19 19 19 19 19 166 159 159 159 159 169 6 6 6 6 6 6 6 7 6 6 10 19 19 32 32 32 32 19 19 32 32 32 32 32 32 19 19 19 19 32 32 32 32 32 32 32 32 32 32 32 19 32 32 19 19 19 19 32 32 32 32 32 32 
32 32 32 19 19 19 19 19 19 19 19 19 19 19 19 19 19 19 19 40 41 44 33 43 41 41 41 41 44 33 43 42 19 19 19 19 19 19 19 19 19 15 19 19 19 19 63 6 6 7 6 6 6 6 6 6 6 10 19 19 32 32 32 19 19 19 32 32 32 32 32 32 32 19 19 19 19 32 32 32 32 32 32 32 19 19 19 19 32 32 32 32 19 19 19 32 32 32 32 32 
32 32 19 19 19 19 19 19 19 19 19 19 19 19 40 41 41 41 41 44 33 33 33 33 33 33 33 33 33 33 33 43 41 41 41 42 19 19 19 19 19 15 19 19 19 19 63 6 6 6 6 6 6 6 6 173 2 4 19 32 32 32 19 19 19 19 19 19 32 32 32 32 32 18 19 19 19 32 32 32 19 19 19 19 19 32 32 32 32 32 32 32 19 19 19 19 19 32 32 32 
32 19 19 19 19 18 19 19 19 19 19 19 19 19 36 33 33 33 33 33 33 33 33 33 33 33 33 33 33 33 33 33 33 33 33 37 19 19 19 19 19 15 19 19 19 19 3 2 2 2 2 2 2 2 2 4 19 19 19 19 19 19 19 19 18 19 19 19 32 32 32 19 19 19 19 19 19 19 19 19 19 32 32 32 32 32 32 32 32 32 32 32 32 32 19 19 19 32 32 32 
19 19 19 19 19 19 19 19 19 19 19 19 19 40 44 33 33 33 34 33 33 33 33 33 33 33 33 33 33 33 33 33 33 33 33 37 19 19 19 19 19 15 19 19 19 19 19 19 19 19 19 19 19 19 19 19 19 32 32 32 32 19 19 19 19 19 19 19 19 32 32 19 19 19 19 19 19 19 19 32 32 32 32 32 32 32 32 32 32 32 32 32 32 32 32 19 19 32 32 32 
19 19 19 19 19 19 19 19 19 19 19 19 19 38 46 33 33 33 33 33 33 33 33 33 33 33 33 33 33 34 33 33 33 33 33 43 42 19 19 19 19 15 19 19 19 18 19 19 128 123 125 124 129 19 19 32 32 32 32 32 32 19 19 19 19 19 19 19 19 19 19 19 19 19 19 19 32 32 32 32 32 32 32 32 32 32 32 32 32 32 32 32 32 32 32 19 19 32 32 32 
32 19 19 19 19 19 19 19 19 19 19 19 19 19 36 33 33 33 33 33 33 33 33 33 33 33 33 33 33 33 33 33 33 33 33 33 43 42 19 19 19 166 161 161 161 161 161 162 126 122 120 121 127 19 32 32 32 32 32 19 19 19 19 19 40 41 42 19 32 32 19 19 19 19 19 19 19 32 32 32 32 32 32 32 32 32 32 32 32 32 32 32 32 32 19 19 19 32 32 32 
32 32 19 19 19 19 19 19 19 19 19 19 19 19 36 33 33 33 33 33 33 33 33 34 33 33 33 33 33 33 33 33 33 33 33 33 45 39 19 19 19 15 19 19 19 19 19 15 19 19 15 19 19 32 32 32 32 32 19 19 19 19 40 41 44 45 39 32 32 32 19 19 19 19 32 32 32 32 32 32 32 32 32 32 32 32 32 32 32 32 32 32 19 19 19 32 32 32 32 32 
32 32 32 19 19 19 19 19 19 19 19 19 19 19 36 33 33 33 33 33 33 33 33 33 33 33 33 33 33 33 33 33 33 33 45 35 39 19 19 19 19 15 19 19 19 32 32 163 161 161 164 19 32 32 32 32 32 32 19 19 19 40 44 33 33 37 19 32 32 32 19 19 19 32 32 32 32 32 32 32 32 32 32 32 32 32 32 32 32 32 32 19 19 32 32 32 32 32 32 32 
32 32 32 32 19 19 19 19 19 19 18 19 19 19 36 33 33 33 33 33 33 33 33 33 33 33 33 33 33 33 33 33 33 45 39 19 19 19 19 19 19 15 19 19 19 32 32 32 19 19 19 32 32 32 32 32 32 19 19 19 40 44 33 45 35 39 19 32 32 32 19 19 19 32 32 32 32 32 32 32 32 32 32 32 32 32 32 32 32 32 19 19 19 32 32 32 32 32 32 32 
32 32 32 32 19 19 19 19 19 19 19 19 19 19 38 35 35 46 33 33 33 33 33 33 33 33 33 33 33 33 33 33 33 37 19 19 19 19 19 19 19 15 19 19 32 32 32 32 32 32 32 32 32 32 32 32 32 32 19 19 38 35 35 39 19 32 32 32 32 32 19 19 32 32 32 32 32 32 32 32 32 32 32 32 32 32 32 32 32 32 19 19 19 32 32 32 32 32 32 32 
32 32 32 32 32 19 19 19 19 19 19 19 19 19 19 19 19 38 35 35 35 35 35 35 35 33 33 33 33 33 33 45 35 39 19 19 19 19 19 160 159 164 19 19 19 19 19 32 32 32 32 32 32 32 32 32 32 32 32 32 19 19 19 32 32 32 32 32 32 32 19 19 32 32 32 40 41 41 41 41 41 41 41 41 41 41 41 41 41 61 56 56 62 41 41 41 41 41 41 41 
32 32 32 32 32 19 19 19 19 19 19 19 19 19 19 19 19 19 19 19 19 19 19 19 19 38 33 33 45 35 35 39 19 19 19 19 19 19 19 15 19 19 19 19 19 19 19 19 32 32 32 32 32 32 32 32 19 32 32 32 32 32 32 32 32 32 32 32 19 19 19 32 32 32 32 36 33 33 33 33 33 33 33 33 33 33 33 33 33 60 56 56 59 33 33 33 33 33 33 33 
32 32 32 32 32 32 32 19 19 19 19 19 19 19 19 19 19 19 19 19 19 32 32 32 32 19 36 33 37 19 19 19 19 19 19 19 19 19 19 15 19 72 67 69 68 73 19 19 19 32 32 32 32 32 32 19 19 19 19 32 32 32 32 32 32 19 19 19 19 19 19 32 32 32 32 36 33 33 33 34 33 33 33 33 33 33 33 33 33 60 56 56 59 33 33 33 33 33 33 33 
32 32 32 32 32 32 32 32 32 19 19 19 19 19 19 19 19 19 19 19 19 19 32 32 32 19 36 33 37 19 19 19 19 19 19 19 19 19 19 15 19 70 66 64 65 71 19 19 19 19 32 32 32 32 19 19 19 19 19 19 19 19 19 19 18 18 19 19 19 19 32 32 32 32 32 36 33 33 33 34 33 33 33 33 33 33 33 33 33 60 56 56 59 33 33 33 34 33 33 33 
32 32 32 32 32 19 32 32 32 19 19 19 19 19 19 19 19 19 19 19 19 19 19 32 32 19 36 45 39 19 19 19 19 19 19 19 32 19 19 15 19 19 19 15 19 19 19 19 19 19 32 32 32 32 19 19 19 19 19 19 19 19 19 19 19 19 19 19 19 32 32 32 32 32 32 36 33 33 33 33 33 33 33 33 33 33 33 33 33 60 56 56 59 33 33 33 33 33 33 33 
32 32 19 19 83 84 82 19 32 32 19 19 19 19 19 19 18 19 19 19 19 19 19 19 19 40 44 37 19 19 19 19 19 19 19 19 32 32 32 163 159 159 159 164 19 19 19 19 32 32 32 32 32 32 19 19 19 32 19 19 19 19 19 19 19 19 19 19 19 32 32 32 32 32 32 36 33 33 33 33 33 33 33 33 33 33 33 33 33 60 56 56 59 33 33 33 33 33 33 33 
32 32 19 19 80 81 79 19 32 32 32 19 19 19 19 19 19 19 19 19 19 19 19 19 19 36 34 37 19 19 19 32 19 19 19 19 32 32 32 32 19 19 19 19 19 32 32 32 32 32 32 32 32 32 19 19 19 32 32 19 32 32 32 32 19 19 32 19 32 32 32 32 32 32 32 36 33 33 33 33 33 33 33 33 33 34 45 35 35 57 56 56 58 35 46 33 33 33 33 33 
32 32 32 19 78 76 77 19 32 32 32 32 19 19 19 19 19 19 19 19 19 19 19 19 19 36 33 39 19 19 32 32 19 19 19 19 19 32 32 32 32 32 32 32 32 32 32 32 32 32 32 19 19 19 19 19 32 32 32 32 32 32 32 32 32 32 32 19 32 32 32 32 19 32 32 36 33 33 33 33 33 33 33 33 33 33 37 19 19 19 19 19 19 19 36 33 33 33 33 33 
32 32 32 19 19 19 19 19 19 19 19 19 19 19 19 19 19 19 19 19 19 19 19 19 40 44 39 19 19 19 32 32 19 19 19 19 19 32 32 32 32 32 32 32 32 32 32 32 32 19 19 19 19 19 19 32 32 32 32 32 32 32 32 32 32 32 32 19 32 32 32 19 19 32 32 36 33 33 33 33 33 33 33 33 33 33 37 19 19 19 19 19 19 19 38 35 33 33 33 33 
32 32 32 32 32 32 32 32 32 32 32 32 32 32 32 32 19 19 19 19 19 19 40 41 44 39 19 19 32 32 32 19 19 19 19 19 19 19 32 32 32 32 32 32 32 32 32 19 19 19 18 19 32 32 32 32 32 32 32 32 32 32 32 32 32 32 32 19 32 19 19 32 32 32 32 36 33 33 33 33 45 35 35 35 35 35 39 19 19 19 19 18 19 19 19 19 38 35 35 35 
32 32 32 32 32 32 32 32 32 32 32 32 32 32 32 19 19 19 19 19 19 40 44 33 39 19 19 19 19 19 19 19 19 19 19 19 19 19 32 32 32 32 32 32 32 19 19 19 19 19 19 19 32 32 32 32 32 32 32 32 32 32 32 32 32 32 32 19 19 19 32 32 32 32 32 36 33 33 33 33 39 19 83 84 82 19 19 19 19 19 19 19 19 19 19 19 19 19 19 19 
41 41 41 41 41 41 41 41 41 41 41 41 41 41 41 41 41 41 41 41 41 44 33 33 41 41 41 41 41 41 41 41 41 41 41 41 41 41 41 41 41 41 41 41 41 41 41 41 41 41 41 41 41 41 41 41 41 42 32 32 32 32 32 32 32 32 32 32 32 32 32 32 32 32 40 44 33 34 33 37 19 19 80 137 79 19 19 19 19 19 19 19 19 19 19 19 19 19 19 32 
33 33 33 33 33 33 33 33 33 33 33 33 33 33 33 33 33 33 33 33 33 33 33 33 33 33 33 33 33 33 33 33 33 33 33 33 33 33 33 33 33 33 33 33 33 33 33 33 33 33 33 33 33 33 33 33 33 43 41 41 41 41 41 41 41 41 41 41 41 41 41 41 41 41 44 33 33 33 33 37 19 19 78 76 77 19 19 19 19 19 19 19 19 19 19 19 19 32 32 32 
33 33 33 33 33 34 33 33 33 33 33 33 33 33 33 33 33 33 33 33 33 33 33 33 33 33 33 33 33 33 33 33 33 33 33 33 33 33 33 33 33 33 33 33 33 33 33 33 33 33 33 33 33 33 33 33 33 33 33 33 33 33 33 33 33 33 33 33 33 33 33 33 33 33 33 33 33 33 33 37 19 19 19 19 19 19 19 19 18 19 19 19 19 19 19 19 32 32 32 32 
33 33 33 33 33 33 33 33 33 33 33 33 33 34 33 33 33 33 33 33 33 33 33 33 33 34 33 33 33 33 33 33 33 33 33 33 33 33 33 33 33 33 33 33 33 34 33 33 33 33 33 33 33 33 33 33 33 33 33 33 33 33 33 33 34 33 33 33 33 33 33 33 33 33 33 33 33 33 33 37 19 19 19 19 19 19 19 19 19 19 19 19 19 19 19 32 32 32 32 32 
